Tdiff	run	gen	p1m_in_p3	p2m_in_p3	p1f_in_p3	p2f_in_p3
100	3473623206	100100	0.5	0.5	0.5	0.5
100	3473623206	100101	0.485944	0.514056	0.478088	0.521912
100	3473623206	100102	0.492537	0.507463	0.482759	0.517241
100	3473623206	100103	0.454874	0.545126	0.493274	0.506726
100	3473623206	100104	0.496094	0.503906	0.479508	0.520492
100	3473623206	100105	0.473684	0.526316	0.490119	0.509881
100	3473623206	100106	0.425703	0.574297	0.505976	0.494024
100	3473623206	100107	0.442231	0.557769	0.51004	0.48996
100	3473623206	100108	0.445833	0.554167	0.553846	0.446154
100	3473623206	100109	0.406504	0.593496	0.523622	0.476378
100	3473623206	100110	0.375	0.625	0.539683	0.460317
100	3473623206	100111	0.391129	0.608871	0.555556	0.444444
100	3473623206	100112	0.410359	0.589641	0.546185	0.453815
100	3473623206	100113	0.415385	0.584615	0.5125	0.4875
100	3473623206	100114	0.413127	0.586873	0.502075	0.497925
100	3473623206	100115	0.371429	0.628571	0.501961	0.498039
100	3473623206	100116	0.379747	0.620253	0.524715	0.475285
100	3473623206	100117	0.36255	0.63745	0.534137	0.465863
100	3473623206	100118	0.409836	0.590164	0.539062	0.460938
100	3473623206	100119	0.427419	0.572581	0.559524	0.440476
100	3473623206	100120	0.405594	0.594406	0.588785	0.411215
100	3473623206	100121	0.4	0.6	0.542857	0.457143
100	3473623206	100122	0.363636	0.636364	0.546559	0.453441
100	3473623206	100123	0.288618	0.711382	0.551181	0.448819
100	3473623206	100124	0.303279	0.696721	0.519531	0.480469
100	3473623206	100125	0.334728	0.665272	0.517241	0.482759
100	3473623206	100126	0.302239	0.697761	0.573276	0.426724
100	3473623206	100127	0.275	0.725	0.546154	0.453846
100	3473623206	100128	0.246809	0.753191	0.520755	0.479245
100	3473623206	100129	0.252964	0.747036	0.510121	0.489879
100	3473623206	100130	0.22449	0.77551	0.545098	0.454902
100	3473623206	100131	0.2	0.8	0.518367	0.481633
100	3473623206	100132	0.228571	0.771429	0.466667	0.533333
100	3473623206	100133	0.296943	0.703057	0.464945	0.535055
100	3473623206	100134	0.268482	0.731518	0.473251	0.526749
100	3473623206	100135	0.318898	0.681102	0.479675	0.520325
100	3473623206	100136	0.338583	0.661417	0.430894	0.569106
100	3473623206	100137	0.360465	0.639535	0.454545	0.545455
100	3473623206	100138	0.393258	0.606742	0.446352	0.553648
100	3473623206	100139	0.428571	0.571429	0.489627	0.510373
100	3473623206	100140	0.363265	0.636735	0.556863	0.443137
100	3473623206	100141	0.37037	0.62963	0.478599	0.521401
100	3473623206	100142	0.386973	0.613027	0.51046	0.48954
100	3473623206	100143	0.351254	0.648746	0.502262	0.497738
100	3473623206	100144	0.365019	0.634981	0.413502	0.586498
100	3473623206	100145	0.379699	0.620301	0.478632	0.521368
100	3473623206	100146	0.344398	0.655602	0.451737	0.548263
100	3473623206	100147	0.325203	0.674797	0.448819	0.551181
100	3473623206	100148	0.371094	0.628906	0.459016	0.540984
100	3473623206	100149	0.392157	0.607843	0.461224	0.538776
100	3473623206	100150	0.355649	0.644351	0.409962	0.590038
100	3473623206	100151	0.419087	0.580913	0.370656	0.629344
100	3473623206	100152	0.410256	0.589744	0.387218	0.612782
100	3473623206	100153	0.431452	0.568548	0.365079	0.634921
100	3473623206	100154	0.464135	0.535865	0.38403	0.61597
100	3473623206	100155	0.502041	0.497959	0.435294	0.564706
100	3473623206	100156	0.408907	0.591093	0.407115	0.592885
100	3473623206	100157	0.393443	0.606557	0.386719	0.613281
100	3473623206	100158	0.359375	0.640625	0.377049	0.622951
100	3473623206	100159	0.352227	0.647773	0.395257	0.604743
100	3473623206	100160	0.320346	0.679654	0.405204	0.594796
100	3473623206	100161	0.25	0.75	0.449275	0.550725
100	3473623206	100162	0.245353	0.754647	0.445887	0.554113
100	3473623206	100163	0.283401	0.716599	0.438735	0.561265
100	3473623206	100164	0.270992	0.729008	0.483193	0.516807
100	3473623206	100165	0.316206	0.683794	0.45749	0.54251
100	3473623206	100166	0.236948	0.763052	0.390438	0.609562
100	3473623206	100167	0.258824	0.741176	0.432653	0.567347
100	3473623206	100168	0.249027	0.750973	0.411523	0.588477
100	3473623206	100169	0.245211	0.754789	0.447699	0.552301
100	3473623206	100170	0.259109	0.740891	0.418972	0.581028
100	3473623206	100171	0.218107	0.781893	0.431907	0.568093
100	3473623206	100172	0.202532	0.797468	0.460076	0.539924
100	3473623206	100173	0.21519	0.78481	0.479087	0.520913
100	3473623206	100174	0.245968	0.754032	0.511905	0.488095
100	3473623206	100175	0.294606	0.705394	0.490347	0.509653
100	3473623206	100176	0.261224	0.738776	0.517647	0.482353
100	3473623206	100177	0.245136	0.754864	0.547325	0.452675
100	3473623206	100178	0.224	0.776	0.524	0.476
100	3473623206	100179	0.225532	0.774468	0.566038	0.433962
100	3473623206	100180	0.176724	0.823276	0.514925	0.485075
100	3473623206	100181	0.145228	0.854772	0.57529	0.42471
100	3473623206	100182	0.123134	0.876866	0.603448	0.396552
100	3473623206	100183	0.111111	0.888889	0.556452	0.443548
100	3473623206	100184	0.0990991	0.900901	0.593525	0.406475
100	3473623206	100185	0.0973783	0.902622	0.618026	0.381974
100	3473623206	100186	0.0980392	0.901961	0.661224	0.338776
100	3473623206	100187	0.0982906	0.901709	0.631579	0.368421
100	3473623206	100188	0.0934959	0.906504	0.622047	0.377953
100	3473623206	100189	0.104839	0.895161	0.579365	0.420635
100	3473623206	100190	0.122881	0.877119	0.526515	0.473485
100	3473623206	100191	0.104	0.896	0.536	0.464
100	3473623206	100192	0.0972763	0.902724	0.588477	0.411523
100	3473623206	100193	0.0992063	0.900794	0.608871	0.391129
100	3473623206	100194	0.11157	0.88843	0.608527	0.391473
100	3473623206	100195	0.125506	0.874494	0.588933	0.411067
100	3473623206	100196	0.151163	0.848837	0.607438	0.392562
100	3473623206	100197	0.148	0.852	0.572	0.428
100	3473623206	100198	0.112971	0.887029	0.597701	0.402299
100	3473623206	100199	0.131687	0.868313	0.59144	0.40856
100	3473623206	100200	0.140152	0.859848	0.567797	0.432203
100	3473623206	100201	0.142857	0.857143	0.528226	0.471774
100	3473623206	100202	0.165254	0.834746	0.55303	0.44697
100	3473623206	100203	0.148594	0.851406	0.52988	0.47012
100	3473623206	100204	0.150794	0.849206	0.560484	0.439516
100	3473623206	100205	0.145749	0.854251	0.549407	0.450593
100	3473623206	100206	0.084	0.916	0.56	0.44
100	3473623206	100207	0.0617284	0.938272	0.536965	0.463035
100	3473623206	100208	0.0756972	0.924303	0.554217	0.445783
100	3473623206	100209	0.101695	0.898305	0.560606	0.439394
100	3473623206	100210	0.111111	0.888889	0.548387	0.451613
100	3473623206	100211	0.0902256	0.909774	0.555556	0.444444
100	3473623206	100212	0.113924	0.886076	0.543726	0.456274
100	3473623206	100213	0.112403	0.887597	0.520661	0.479339
100	3473623206	100214	0.143411	0.856589	0.512397	0.487603
100	3473623206	100215	0.184615	0.815385	0.5	0.5
100	3473623206	100216	0.159696	0.840304	0.510549	0.489451
100	3473623206	100217	0.113281	0.886719	0.54918	0.45082
100	3473623206	100218	0.095941	0.904059	0.585153	0.414847
100	3473623206	100219	0.0923077	0.907692	0.6	0.4
100	3473623206	100220	0.107759	0.892241	0.649254	0.350746
100	3473623206	100221	0.0886076	0.911392	0.653992	0.346008
100	3473623206	100222	0.100402	0.899598	0.689243	0.310757
100	3473623206	100223	0.0896861	0.910314	0.711191	0.288809
100	3473623206	100224	0.0530612	0.946939	0.682353	0.317647
100	3473623206	100225	0.0613027	0.938697	0.631799	0.368201
100	3473623206	100226	0.0532787	0.946721	0.613281	0.386719
100	3473623206	100227	0.0929204	0.90708	0.616788	0.383212
100	3473623206	100228	0.116	0.884	0.588	0.412
100	3473623206	100229	0.0755556	0.924444	0.567273	0.432727
100	3473623206	100230	0.0823529	0.917647	0.559184	0.440816
100	3473623206	100231	0.0572687	0.942731	0.582418	0.417582
100	3473623206	100232	0.0497925	0.950207	0.517375	0.482625
100	3473623206	100233	0.064	0.936	0.492	0.508
100	3473623206	100234	0.083004	0.916996	0.477733	0.522267
100	3473623206	100235	0.108787	0.891213	0.482759	0.517241
100	3473623206	100236	0.104651	0.895349	0.42562	0.57438
100	3473623206	100237	0.0916031	0.908397	0.436975	0.563025
100	3473623206	100238	0.0833333	0.916667	0.415254	0.584746
100	3473623206	100239	0.092437	0.907563	0.385496	0.614504
100	3473623206	100240	0.0793651	0.920635	0.358871	0.641129
100	3473623206	100241	0.0705882	0.929412	0.379592	0.620408
100	3473623206	100242	0.0723404	0.92766	0.392453	0.607547
100	3473623206	100243	0.0606061	0.939394	0.372881	0.627119
100	3473623206	100244	0.0488722	0.951128	0.423077	0.576923
100	3473623206	100245	0.0472441	0.952756	0.430894	0.569106
100	3473623206	100246	0.0196078	0.980392	0.444898	0.555102
100	3473623206	100247	0.034749	0.965251	0.456432	0.543568
100	3473623206	100248	0.0244898	0.97551	0.482353	0.517647
100	3473623206	100249	0.0365854	0.963415	0.527559	0.472441
100	3473623206	100250	0.0239044	0.976096	0.445783	0.554217
100	3473623206	100251	0.029661	0.970339	0.44697	0.55303
100	3473623206	100252	0.023166	0.976834	0.518672	0.481328
100	3473623206	100253	0.0041841	0.995816	0.455939	0.544061
100	3473623206	100254	0.004	0.996	0.44	0.56
100	3473623206	100255	0.0	1.0	0.420635	0.579365
100	3473623206	100256	0.0	1.0	0.432836	0.567164
100	3473623206	100257	0.0	1.0	0.385496	0.614504
100	3473623206	100258	0.0	1.0	0.34252	0.65748
100	3473623206	100259	0.0	1.0	0.396154	0.603846
100	3473623206	100260	0.0	1.0	0.379061	0.620939
100	3473623206	100261	0.0	1.0	0.38843	0.61157
100	3473623206	100262	0.0	1.0	0.378601	0.621399
100	3473623206	100263	0.0	1.0	0.356	0.644
100	3473623206	100264	0.0	1.0	0.367521	0.632479
100	3473623206	100265	0.0	1.0	0.31405	0.68595
100	3473623206	100266	0.0	1.0	0.322709	0.677291
100	3473623206	100267	0.0	1.0	0.305147	0.694853
100	3473623206	100268	0.0	1.0	0.305882	0.694118
100	3473623206	100269	0.0	1.0	0.298851	0.701149
100	3473623206	100270	0.0	1.0	0.239382	0.760618
100	3473623206	100271	0.0	1.0	0.225296	0.774704
100	3473623206	100272	0.0	1.0	0.223108	0.776892
100	3473623206	100273	0.0	1.0	0.222222	0.777778
100	3473623206	100274	0.0	1.0	0.20438	0.79562
100	3473623206	100275	0.0	1.0	0.238281	0.761719
100	3473623206	100276	0.0	1.0	0.273438	0.726562
100	3473623206	100277	0.0	1.0	0.32766	0.67234
100	3473623206	100278	0.0	1.0	0.320755	0.679245
100	3473623206	100279	0.0	1.0	0.319502	0.680498
100	3473623206	100280	0.0	1.0	0.299145	0.700855
100	3473623206	100281	0.0	1.0	0.297521	0.702479
100	3473623206	100282	0.0	1.0	0.314741	0.685259
100	3473623206	100283	0.0	1.0	0.265918	0.734082
100	3473623206	100284	0.0	1.0	0.246032	0.753968
100	3473623206	100285	0.0	1.0	0.229508	0.770492
100	3473623206	100286	0.0	1.0	0.230769	0.769231
100	3473623206	100287	0.0	1.0	0.223938	0.776062
100	3473623206	100288	0.0	1.0	0.242915	0.757085
100	3473623206	100289	0.0	1.0	0.234848	0.765152
100	3473623206	100290	0.0	1.0	0.205128	0.794872
100	3473623206	100291	0.0	1.0	0.190265	0.809735
100	3473623206	100292	0.0	1.0	0.168033	0.831967
100	3473623206	100293	0.0	1.0	0.233607	0.766393
100	3473623206	100294	0.0	1.0	0.269841	0.730159
100	3473623206	100295	0.0	1.0	0.272374	0.727626
100	3473623206	100296	0.0	1.0	0.244094	0.755906
100	3473623206	100297	0.0	1.0	0.234375	0.765625
100	3473623206	100298	0.0	1.0	0.268398	0.731602
100	3473623206	100299	0.0	1.0	0.286885	0.713115
100	3473623206	100300	0.0	1.0	0.245059	0.754941
