Tdiff	run	gen	p1m_in_p3	p2m_in_p3	p1f_in_p3	p2f_in_p3
100	641774310	100100	0.5	0.5	0.5	0.5
100	641774310	100101	0.478632	0.521368	0.451128	0.548872
100	641774310	100102	0.457143	0.542857	0.490196	0.509804
100	641774310	100103	0.444898	0.555102	0.478431	0.521569
100	641774310	100104	0.424242	0.575758	0.440678	0.559322
100	641774310	100105	0.419608	0.580392	0.428571	0.571429
100	641774310	100106	0.441176	0.558824	0.458015	0.541985
100	641774310	100107	0.428	0.572	0.468	0.532
100	641774310	100108	0.414343	0.585657	0.526104	0.473896
100	641774310	100109	0.416342	0.583658	0.485597	0.514403
100	641774310	100110	0.383966	0.616034	0.452471	0.547529
100	641774310	100111	0.407692	0.592308	0.458333	0.541667
100	641774310	100112	0.390625	0.609375	0.42623	0.57377
100	641774310	100113	0.348178	0.651822	0.450593	0.549407
100	641774310	100114	0.36255	0.63745	0.437751	0.562249
100	641774310	100115	0.378261	0.621739	0.477778	0.522222
100	641774310	100116	0.393939	0.606061	0.525424	0.474576
100	641774310	100117	0.320833	0.679167	0.542308	0.457692
100	641774310	100118	0.296875	0.703125	0.54918	0.45082
100	641774310	100119	0.237885	0.762115	0.556777	0.443223
100	641774310	100120	0.217899	0.782101	0.576132	0.423868
100	641774310	100121	0.196507	0.803493	0.608856	0.391144
100	641774310	100122	0.188755	0.811245	0.609562	0.390438
100	641774310	100123	0.159836	0.840164	0.648438	0.351562
100	641774310	100124	0.128405	0.871595	0.687243	0.312757
100	641774310	100125	0.130081	0.869919	0.661417	0.338583
100	641774310	100126	0.111969	0.888031	0.651452	0.348548
100	641774310	100127	0.112554	0.887446	0.665428	0.334572
100	641774310	100128	0.144681	0.855319	0.633962	0.366038
100	641774310	100129	0.15415	0.84585	0.582996	0.417004
100	641774310	100130	0.156379	0.843621	0.59144	0.40856
100	641774310	100131	0.12	0.88	0.588	0.412
100	641774310	100132	0.101961	0.898039	0.563265	0.436735
100	641774310	100133	0.09375	0.90625	0.545082	0.454918
100	641774310	100134	0.097166	0.902834	0.56917	0.43083
100	641774310	100135	0.0852713	0.914729	0.590909	0.409091
100	641774310	100136	0.127572	0.872428	0.638132	0.361868
100	641774310	100137	0.0995851	0.900415	0.625483	0.374517
100	641774310	100138	0.09375	0.90625	0.630435	0.369565
100	641774310	100139	0.0982906	0.901709	0.646617	0.353383
100	641774310	100140	0.0878661	0.912134	0.689655	0.310345
100	641774310	100141	0.0769231	0.923077	0.657895	0.342105
100	641774310	100142	0.0742188	0.925781	0.680328	0.319672
100	641774310	100143	0.0593607	0.940639	0.676157	0.323843
100	641774310	100144	0.0627451	0.937255	0.689796	0.310204
100	641774310	100145	0.0513834	0.948617	0.757085	0.242915
100	641774310	100146	0.0447761	0.955224	0.762931	0.237069
100	641774310	100147	0.0409836	0.959016	0.742188	0.257812
100	641774310	100148	0.0395257	0.960474	0.680162	0.319838
100	641774310	100149	0.0358566	0.964143	0.722892	0.277108
100	641774310	100150	0.0539419	0.946058	0.745174	0.254826
100	641774310	100151	0.044898	0.955102	0.72549	0.27451
100	641774310	100152	0.0571429	0.942857	0.666667	0.333333
100	641774310	100153	0.0393701	0.96063	0.682927	0.317073
100	641774310	100154	0.0297398	0.97026	0.688312	0.311688
100	641774310	100155	0.0210526	0.978947	0.660465	0.339535
100	641774310	100156	0.0171674	0.982833	0.707865	0.292135
100	641774310	100157	0.0121951	0.987805	0.708661	0.291339
100	641774310	100158	0.0111524	0.988848	0.701299	0.298701
100	641774310	100159	0.0204918	0.979508	0.71875	0.28125
100	641774310	100160	0.00401606	0.995984	0.729084	0.270916
100	641774310	100161	0.0	1.0	0.696296	0.303704
100	641774310	100162	0.0	1.0	0.705179	0.294821
100	641774310	100163	0.0	1.0	0.73384	0.26616
100	641774310	100164	0.0	1.0	0.717213	0.282787
100	641774310	100165	0.0	1.0	0.703422	0.296578
100	641774310	100166	0.0	1.0	0.709302	0.290698
100	641774310	100167	0.0	1.0	0.717213	0.282787
100	641774310	100168	0.0	1.0	0.688976	0.311024
100	641774310	100169	0.0	1.0	0.71875	0.28125
100	641774310	100170	0.0	1.0	0.704348	0.295652
100	641774310	100171	0.0	1.0	0.723485	0.276515
100	641774310	100172	0.0	1.0	0.72	0.28
100	641774310	100173	0.0	1.0	0.739623	0.260377
100	641774310	100174	0.0	1.0	0.777328	0.222672
100	641774310	100175	0.0	1.0	0.810078	0.189922
100	641774310	100176	0.0	1.0	0.823045	0.176955
100	641774310	100177	0.0	1.0	0.832061	0.167939
100	641774310	100178	0.0	1.0	0.82449	0.17551
100	641774310	100179	0.0	1.0	0.823789	0.176211
100	641774310	100180	0.0	1.0	0.826087	0.173913
100	641774310	100181	0.0	1.0	0.787149	0.212851
100	641774310	100182	0.0	1.0	0.779783	0.220217
100	641774310	100183	0.0	1.0	0.8	0.2
100	641774310	100184	0.0	1.0	0.773913	0.226087
100	641774310	100185	0.0	1.0	0.749004	0.250996
100	641774310	100186	0.0	1.0	0.664122	0.335878
100	641774310	100187	0.0	1.0	0.637795	0.362205
100	641774310	100188	0.0	1.0	0.65748	0.34252
100	641774310	100189	0.0	1.0	0.702703	0.297297
100	641774310	100190	0.0	1.0	0.682482	0.317518
100	641774310	100191	0.0	1.0	0.647577	0.352423
100	641774310	100192	0.0	1.0	0.685824	0.314176
100	641774310	100193	0.0	1.0	0.673729	0.326271
100	641774310	100194	0.0	1.0	0.616071	0.383929
100	641774310	100195	0.0	1.0	0.589641	0.410359
100	641774310	100196	0.0	1.0	0.563786	0.436214
100	641774310	100197	0.0	1.0	0.54065	0.45935
100	641774310	100198	0.0	1.0	0.498008	0.501992
100	641774310	100199	0.0	1.0	0.569672	0.430328
100	641774310	100200	0.0	1.0	0.560606	0.439394
100	641774310	100201	0.0	1.0	0.624	0.376
100	641774310	100202	0.0	1.0	0.623431	0.376569
100	641774310	100203	0.0	1.0	0.603306	0.396694
100	641774310	100204	0.0	1.0	0.605469	0.394531
100	641774310	100205	0.0	1.0	0.599138	0.400862
100	641774310	100206	0.0	1.0	0.602273	0.397727
100	641774310	100207	0.0	1.0	0.640693	0.359307
100	641774310	100208	0.0	1.0	0.662338	0.337662
100	641774310	100209	0.0	1.0	0.658824	0.341176
100	641774310	100210	0.0	1.0	0.661224	0.338776
100	641774310	100211	0.0	1.0	0.682609	0.317391
100	641774310	100212	0.0	1.0	0.649254	0.350746
100	641774310	100213	0.0	1.0	0.611765	0.388235
100	641774310	100214	0.0	1.0	0.623016	0.376984
100	641774310	100215	0.0	1.0	0.631373	0.368627
100	641774310	100216	0.0	1.0	0.628458	0.371542
100	641774310	100217	0.0	1.0	0.628205	0.371795
100	641774310	100218	0.0	1.0	0.656489	0.343511
100	641774310	100219	0.0	1.0	0.607143	0.392857
100	641774310	100220	0.0	1.0	0.571429	0.428571
100	641774310	100221	0.0	1.0	0.527344	0.472656
100	641774310	100222	0.0	1.0	0.547244	0.452756
100	641774310	100223	0.0	1.0	0.5	0.5
100	641774310	100224	0.0	1.0	0.556017	0.443983
100	641774310	100225	0.0	1.0	0.605364	0.394636
100	641774310	100226	0.0	1.0	0.554656	0.445344
100	641774310	100227	0.0	1.0	0.566116	0.433884
100	641774310	100228	0.0	1.0	0.578947	0.421053
100	641774310	100229	0.0	1.0	0.545455	0.454545
100	641774310	100230	0.0	1.0	0.5625	0.4375
100	641774310	100231	0.0	1.0	0.616327	0.383673
100	641774310	100232	0.0	1.0	0.6875	0.3125
100	641774310	100233	0.0	1.0	0.664032	0.335968
100	641774310	100234	0.0	1.0	0.655602	0.344398
100	641774310	100235	0.0	1.0	0.698795	0.301205
100	641774310	100236	0.0	1.0	0.699219	0.300781
100	641774310	100237	0.0	1.0	0.724138	0.275862
100	641774310	100238	0.0	1.0	0.717647	0.282353
100	641774310	100239	0.0	1.0	0.676596	0.323404
100	641774310	100240	0.0	1.0	0.678862	0.321138
100	641774310	100241	0.0	1.0	0.689076	0.310924
100	641774310	100242	0.0	1.0	0.659389	0.340611
100	641774310	100243	0.0	1.0	0.677419	0.322581
100	641774310	100244	0.0	1.0	0.728395	0.271605
100	641774310	100245	0.0	1.0	0.693548	0.306452
100	641774310	100246	0.0	1.0	0.689655	0.310345
100	641774310	100247	0.0	1.0	0.662745	0.337255
100	641774310	100248	0.0	1.0	0.67037	0.32963
100	641774310	100249	0.0	1.0	0.709677	0.290323
100	641774310	100250	0.0	1.0	0.71371	0.28629
100	641774310	100251	0.0	1.0	0.705882	0.294118
100	641774310	100252	0.0	1.0	0.688525	0.311475
100	641774310	100253	0.0	1.0	0.661224	0.338776
100	641774310	100254	0.0	1.0	0.689243	0.310757
100	641774310	100255	0.0	1.0	0.693277	0.306723
100	641774310	100256	0.0	1.0	0.687747	0.312253
100	641774310	100257	0.0	1.0	0.662651	0.337349
100	641774310	100258	0.0	1.0	0.639676	0.360324
100	641774310	100259	0.0	1.0	0.648438	0.351562
100	641774310	100260	0.0	1.0	0.650909	0.349091
100	641774310	100261	0.0	1.0	0.666667	0.333333
100	641774310	100262	0.0	1.0	0.687225	0.312775
100	641774310	100263	0.0	1.0	0.698795	0.301205
100	641774310	100264	0.0	1.0	0.714286	0.285714
100	641774310	100265	0.0	1.0	0.704348	0.295652
100	641774310	100266	0.0	1.0	0.708171	0.291829
100	641774310	100267	0.0	1.0	0.695167	0.304833
100	641774310	100268	0.0	1.0	0.674699	0.325301
100	641774310	100269	0.0	1.0	0.620818	0.379182
100	641774310	100270	0.0	1.0	0.669091	0.330909
100	641774310	100271	0.0	1.0	0.669767	0.330233
100	641774310	100272	0.0	1.0	0.687243	0.312757
100	641774310	100273	0.0	1.0	0.647541	0.352459
100	641774310	100274	0.0	1.0	0.662281	0.337719
100	641774310	100275	0.0	1.0	0.623016	0.376984
100	641774310	100276	0.0	1.0	0.654618	0.345382
100	641774310	100277	0.0	1.0	0.666667	0.333333
100	641774310	100278	0.0	1.0	0.68	0.32
100	641774310	100279	0.0	1.0	0.678295	0.321705
100	641774310	100280	0.0	1.0	0.686792	0.313208
100	641774310	100281	0.0	1.0	0.660793	0.339207
100	641774310	100282	0.0	1.0	0.653226	0.346774
100	641774310	100283	0.0	1.0	0.646341	0.353659
100	641774310	100284	0.0	1.0	0.705036	0.294964
100	641774310	100285	0.0	1.0	0.735294	0.264706
100	641774310	100286	0.0	1.0	0.753846	0.246154
100	641774310	100287	0.0	1.0	0.745174	0.254826
100	641774310	100288	0.0	1.0	0.747934	0.252066
100	641774310	100289	0.0	1.0	0.778226	0.221774
100	641774310	100290	0.0	1.0	0.76834	0.23166
100	641774310	100291	0.0	1.0	0.763485	0.236515
100	641774310	100292	0.0	1.0	0.809129	0.190871
100	641774310	100293	0.0	1.0	0.80315	0.19685
100	641774310	100294	0.0	1.0	0.804878	0.195122
100	641774310	100295	0.0	1.0	0.797619	0.202381
100	641774310	100296	0.0	1.0	0.795455	0.204545
100	641774310	100297	0.0	1.0	0.772727	0.227273
100	641774310	100298	0.0	1.0	0.716102	0.283898
100	641774310	100299	0.0	1.0	0.727969	0.272031
100	641774310	100300	0.0	1.0	0.753191	0.246809
