Td	run	gen	p1m_in_p3	p2m_in_p3	p1f_in_p3	p2f_in_p3
100	3326310969	100100	0.5	0.5	0.5	0.5
100	3326310969	100101	0.500805	0.499195	0.505569	0.494431
100	3326310969	100102	0.512185	0.487815	0.502603	0.497397
100	3326310969	100103	0.507864	0.492136	0.506192	0.493808
100	3326310969	100104	0.488468	0.511532	0.513997	0.486003
100	3326310969	100105	0.507956	0.492044	0.505296	0.494704
100	3326310969	100106	0.509069	0.490931	0.495832	0.504168
100	3326310969	100107	0.522059	0.477941	0.48511	0.51489
100	3326310969	100108	0.503661	0.496339	0.465281	0.534719
100	3326310969	100109	0.506931	0.493069	0.461414	0.538586
100	3326310969	100110	0.508032	0.491968	0.459761	0.540239
100	3326310969	100111	0.495968	0.504032	0.460317	0.539683
100	3326310969	100112	0.492083	0.507917	0.459598	0.540402
100	3326310969	100113	0.488091	0.511909	0.455515	0.544485
100	3326310969	100114	0.507612	0.492388	0.458866	0.541134
100	3326310969	100115	0.497806	0.502194	0.456879	0.543121
100	3326310969	100116	0.507643	0.492357	0.471758	0.528242
100	3326310969	100117	0.515857	0.484143	0.487047	0.512953
100	3326310969	100118	0.514899	0.485101	0.471607	0.528393
100	3326310969	100119	0.501618	0.498382	0.467168	0.532832
100	3326310969	100120	0.498988	0.501012	0.479636	0.520364
100	3326310969	100121	0.496972	0.503028	0.492271	0.507729
100	3326310969	100122	0.495702	0.504298	0.470082	0.529918
100	3326310969	100123	0.486465	0.513535	0.463762	0.536238
100	3326310969	100124	0.494874	0.505126	0.453328	0.546672
100	3326310969	100125	0.469404	0.530596	0.464937	0.535063
100	3326310969	100126	0.465275	0.534725	0.468713	0.531287
100	3326310969	100127	0.472619	0.527381	0.465323	0.534677
100	3326310969	100128	0.474556	0.525444	0.465135	0.534865
100	3326310969	100129	0.489345	0.510655	0.468775	0.531225
100	3326310969	100130	0.489788	0.510212	0.474231	0.525769
100	3326310969	100131	0.489612	0.510388	0.469988	0.530012
100	3326310969	100132	0.496029	0.503971	0.476632	0.523368
100	3326310969	100133	0.47492	0.52508	0.491158	0.508842
100	3326310969	100134	0.484437	0.515563	0.489575	0.510425
100	3326310969	100135	0.481496	0.518504	0.472554	0.527446
100	3326310969	100136	0.488429	0.511571	0.48246	0.51754
100	3326310969	100137	0.499602	0.500398	0.4751	0.5249
100	3326310969	100138	0.492963	0.507037	0.476249	0.523751
100	3326310969	100139	0.506044	0.493956	0.485703	0.514297
100	3326310969	100140	0.506861	0.493139	0.468208	0.531792
100	3326310969	100141	0.525101	0.474899	0.494071	0.505929
100	3326310969	100142	0.520885	0.479115	0.475762	0.524238
100	3326310969	100143	0.510091	0.489909	0.454509	0.545491
100	3326310969	100144	0.492531	0.507469	0.460098	0.539902
100	3326310969	100145	0.495868	0.504132	0.455063	0.544937
100	3326310969	100146	0.495272	0.504728	0.437855	0.562145
100	3326310969	100147	0.521302	0.478698	0.44586	0.55414
100	3326310969	100148	0.51396	0.48604	0.441595	0.558405
100	3326310969	100149	0.521193	0.478807	0.438418	0.561582
100	3326310969	100150	0.519517	0.480483	0.441352	0.558648
100	3326310969	100151	0.509366	0.490634	0.449217	0.550783
100	3326310969	100152	0.504019	0.495981	0.436306	0.563694
100	3326310969	100153	0.51503	0.48497	0.433533	0.566467
100	3326310969	100154	0.512984	0.487016	0.432519	0.567481
100	3326310969	100155	0.496406	0.503594	0.421474	0.578526
100	3326310969	100156	0.50161	0.49839	0.4062	0.5938
100	3326310969	100157	0.502607	0.497393	0.404069	0.595931
100	3326310969	100158	0.508806	0.491194	0.405726	0.594274
100	3326310969	100159	0.504773	0.495227	0.406677	0.593323
100	3326310969	100160	0.513057	0.486943	0.38192	0.61808
100	3326310969	100161	0.527273	0.472727	0.384554	0.615446
100	3326310969	100162	0.535599	0.464401	0.367089	0.632911
100	3326310969	100163	0.556415	0.443585	0.359528	0.640472
100	3326310969	100164	0.567194	0.432806	0.368546	0.631454
100	3326310969	100165	0.567793	0.432207	0.382294	0.617706
100	3326310969	100166	0.572925	0.427075	0.372518	0.627482
100	3326310969	100167	0.580874	0.419126	0.363969	0.636031
100	3326310969	100168	0.597861	0.402139	0.363489	0.636511
100	3326310969	100169	0.596978	0.403022	0.382987	0.617013
100	3326310969	100170	0.587881	0.412119	0.399123	0.600877
100	3326310969	100171	0.585542	0.414458	0.384064	0.615936
100	3326310969	100172	0.586277	0.413723	0.405991	0.594009
100	3326310969	100173	0.594605	0.405395	0.393084	0.606916
100	3326310969	100174	0.610265	0.389735	0.378691	0.621309
100	3326310969	100175	0.606817	0.393183	0.376262	0.623738
100	3326310969	100176	0.612006	0.387994	0.376092	0.623908
100	3326310969	100177	0.615658	0.384342	0.389316	0.610684
100	3326310969	100178	0.628883	0.371117	0.376835	0.623165
100	3326310969	100179	0.644277	0.355723	0.359501	0.640499
100	3326310969	100180	0.652313	0.347687	0.35313	0.64687
100	3326310969	100181	0.630584	0.369416	0.352684	0.647316
100	3326310969	100182	0.638197	0.361803	0.35775	0.64225
100	3326310969	100183	0.632462	0.367538	0.348379	0.651621
100	3326310969	100184	0.618421	0.381579	0.350467	0.649533
100	3326310969	100185	0.63456	0.36544	0.345602	0.654398
100	3326310969	100186	0.63399	0.36601	0.348068	0.651932
100	3326310969	100187	0.621176	0.378824	0.3438	0.6562
100	3326310969	100188	0.60274	0.39726	0.343149	0.656851
100	3326310969	100189	0.579473	0.420527	0.359375	0.640625
100	3326310969	100190	0.574427	0.425573	0.348578	0.651422
100	3326310969	100191	0.56293	0.43707	0.353104	0.646896
100	3326310969	100192	0.553998	0.446002	0.348873	0.651127
100	3326310969	100193	0.558204	0.441796	0.342328	0.657672
100	3326310969	100194	0.54998	0.45002	0.35677	0.64323
100	3326310969	100195	0.51849	0.48151	0.350666	0.649334
100	3326310969	100196	0.516912	0.483088	0.343386	0.656614
100	3326310969	100197	0.521635	0.478365	0.333067	0.666933
100	3326310969	100198	0.527424	0.472576	0.325282	0.674718
100	3326310969	100199	0.538342	0.461658	0.317565	0.682435
100	3326310969	100200	0.538556	0.461444	0.324049	0.675951
100	3326310969	100201	0.537551	0.462449	0.343922	0.656078
100	3326310969	100202	0.554945	0.445055	0.354405	0.645595
100	3326310969	100203	0.565795	0.434205	0.345527	0.654473
100	3326310969	100204	0.570056	0.429944	0.356115	0.643885
100	3326310969	100205	0.553352	0.446648	0.338846	0.661154
100	3326310969	100206	0.55414	0.44586	0.349678	0.650322
100	3326310969	100207	0.537964	0.462036	0.34271	0.65729
100	3326310969	100208	0.541469	0.458531	0.340357	0.659643
100	3326310969	100209	0.546629	0.453371	0.327784	0.672216
100	3326310969	100210	0.539479	0.460521	0.345309	0.654691
100	3326310969	100211	0.546995	0.453005	0.336771	0.663229
100	3326310969	100212	0.537104	0.462896	0.35341	0.64659
100	3326310969	100213	0.506587	0.493413	0.349098	0.650902
100	3326310969	100214	0.499014	0.500986	0.35213	0.64787
100	3326310969	100215	0.501007	0.498993	0.348431	0.651569
100	3326310969	100216	0.504149	0.495851	0.344269	0.655731
100	3326310969	100217	0.514402	0.485598	0.340039	0.659961
100	3326310969	100218	0.509274	0.490726	0.34881	0.65119
100	3326310969	100219	0.513962	0.486038	0.356267	0.643733
100	3326310969	100220	0.502383	0.497617	0.350927	0.649073
100	3326310969	100221	0.498584	0.501416	0.355872	0.644128
100	3326310969	100222	0.500408	0.499592	0.333203	0.666797
100	3326310969	100223	0.508736	0.491264	0.324143	0.675857
100	3326310969	100224	0.522917	0.477083	0.326375	0.673625
100	3326310969	100225	0.527049	0.472951	0.313757	0.686243
100	3326310969	100226	0.526316	0.473684	0.312199	0.687801
100	3326310969	100227	0.530719	0.469281	0.307997	0.692003
100	3326310969	100228	0.529459	0.470541	0.311261	0.688739
100	3326310969	100229	0.525109	0.474891	0.315257	0.684743
100	3326310969	100230	0.532468	0.467532	0.304811	0.695189
100	3326310969	100231	0.532154	0.467846	0.31449	0.68551
100	3326310969	100232	0.533388	0.466612	0.313679	0.686321
100	3326310969	100233	0.53901	0.46099	0.297778	0.702222
100	3326310969	100234	0.543665	0.456335	0.290902	0.709098
100	3326310969	100235	0.544696	0.455304	0.301651	0.698349
100	3326310969	100236	0.533227	0.466773	0.29976	0.70024
100	3326310969	100237	0.524519	0.475481	0.308038	0.691962
100	3326310969	100238	0.532214	0.467786	0.312833	0.687167
100	3326310969	100239	0.533677	0.466323	0.318255	0.681745
100	3326310969	100240	0.5168	0.4832	0.326	0.674
100	3326310969	100241	0.50814	0.49186	0.334298	0.665702
100	3326310969	100242	0.505591	0.494409	0.335737	0.664263
100	3326310969	100243	0.518327	0.481673	0.339759	0.660241
100	3326310969	100244	0.493537	0.506463	0.341234	0.658766
100	3326310969	100245	0.496719	0.503281	0.336456	0.663544
100	3326310969	100246	0.494683	0.505317	0.342137	0.657863
100	3326310969	100247	0.486858	0.513142	0.336367	0.663633
100	3326310969	100248	0.503366	0.496634	0.354747	0.645253
100	3326310969	100249	0.513292	0.486708	0.37182	0.62818
100	3326310969	100250	0.52497	0.47503	0.384706	0.615294
100	3326310969	100251	0.533017	0.466983	0.377985	0.622015
100	3326310969	100252	0.542587	0.457413	0.379464	0.620536
100	3326310969	100253	0.539537	0.460463	0.379006	0.620994
100	3326310969	100254	0.551194	0.448806	0.364571	0.635429
100	3326310969	100255	0.53328	0.46672	0.381991	0.618009
100	3326310969	100256	0.536634	0.463366	0.388315	0.611685
100	3326310969	100257	0.535045	0.464955	0.405342	0.594658
100	3326310969	100258	0.534164	0.465836	0.418392	0.581608
100	3326310969	100259	0.542959	0.457041	0.434433	0.565567
100	3326310969	100260	0.539919	0.460081	0.428968	0.571032
100	3326310969	100261	0.537052	0.462948	0.43012	0.56988
100	3326310969	100262	0.523848	0.476152	0.438555	0.561445
100	3326310969	100263	0.526613	0.473387	0.427778	0.572222
100	3326310969	100264	0.552871	0.447129	0.433131	0.566869
100	3326310969	100265	0.557018	0.442982	0.421348	0.578652
100	3326310969	100266	0.564019	0.435981	0.414297	0.585703
100	3326310969	100267	0.566265	0.433735	0.416335	0.583665
100	3326310969	100268	0.563196	0.436804	0.414654	0.585346
100	3326310969	100269	0.55407	0.44593	0.405373	0.594627
100	3326310969	100270	0.555736	0.444264	0.408606	0.591394
100	3326310969	100271	0.540649	0.459351	0.42509	0.57491
100	3326310969	100272	0.525855	0.474145	0.421963	0.578037
100	3326310969	100273	0.526016	0.473984	0.447244	0.552756
100	3326310969	100274	0.533762	0.466238	0.470541	0.529459
100	3326310969	100275	0.538028	0.461972	0.467594	0.532406
100	3326310969	100276	0.539563	0.460437	0.459155	0.540845
100	3326310969	100277	0.538217	0.461783	0.447749	0.552251
100	3326310969	100278	0.538186	0.461814	0.454143	0.545857
100	3326310969	100279	0.530612	0.469388	0.45102	0.54898
100	3326310969	100280	0.536872	0.463128	0.452212	0.547788
100	3326310969	100281	0.533019	0.466981	0.449511	0.550489
100	3326310969	100282	0.529715	0.470285	0.462439	0.537561
100	3326310969	100283	0.523077	0.476923	0.461663	0.538337
100	3326310969	100284	0.533871	0.466129	0.472619	0.527381
100	3326310969	100285	0.5245	0.4755	0.481421	0.518579
100	3326310969	100286	0.52051	0.47949	0.471675	0.528325
100	3326310969	100287	0.516858	0.483142	0.480032	0.519968
100	3326310969	100288	0.511146	0.488854	0.458199	0.541801
100	3326310969	100289	0.507373	0.492627	0.45564	0.54436
100	3326310969	100290	0.518997	0.481003	0.444217	0.555783
100	3326310969	100291	0.515819	0.484181	0.435078	0.564922
100	3326310969	100292	0.508634	0.491366	0.446982	0.553018
100	3326310969	100293	0.528264	0.471736	0.442122	0.557878
100	3326310969	100294	0.505022	0.494978	0.445639	0.554361
100	3326310969	100295	0.504327	0.495673	0.463385	0.536615
100	3326310969	100296	0.495611	0.504389	0.451484	0.548516
100	3326310969	100297	0.506494	0.493506	0.47133	0.52867
100	3326310969	100298	0.504425	0.495575	0.449085	0.550915
100	3326310969	100299	0.495805	0.504195	0.427313	0.572687
100	3326310969	100300	0.490461	0.509539	0.431965	0.568035
