ID	Td	gen	p1m_in_p3	p2m_in_p3	p1f_in_p3	p2f_in_p3
1382167421	1000	101000	0.782258	0.217742	0.774194	0.225806
1382167421	1000	101001	0.793233	0.206767	0.760684	0.239316
1382167421	1000	101002	0.758621	0.241379	0.728033	0.271967
1382167421	1000	101003	0.737828	0.262172	0.738197	0.261803
1382167421	1000	101004	0.769531	0.230469	0.721311	0.278689
1382167421	1000	101005	0.767176	0.232824	0.773109	0.226891
1382167421	1000	101006	0.795181	0.204819	0.752988	0.247012
1382167421	1000	101007	0.850427	0.149573	0.718045	0.281955
1382167421	1000	101008	0.794677	0.205323	0.675105	0.324895
1382167421	1000	101009	0.830116	0.169884	0.605809	0.394191
1382167421	1000	101010	0.850806	0.149194	0.59127	0.40873
1382167421	1000	101011	0.877551	0.122449	0.6	0.4
1382167421	1000	101012	0.837838	0.162162	0.59751	0.40249
1382167421	1000	101013	0.838462	0.161538	0.604167	0.395833
1382167421	1000	101014	0.876	0.124	0.616	0.384
1382167421	1000	101015	0.864	0.136	0.616	0.384
1382167421	1000	101016	0.857724	0.142276	0.598425	0.401575
1382167421	1000	101017	0.858268	0.141732	0.613821	0.386179
1382167421	1000	101018	0.889328	0.110672	0.574899	0.425101
1382167421	1000	101019	0.884774	0.115226	0.618677	0.381323
1382167421	1000	101020	0.868644	0.131356	0.594697	0.405303
1382167421	1000	101021	0.870445	0.129555	0.577075	0.422925
1382167421	1000	101022	0.86747	0.13253	0.589641	0.410359
1382167421	1000	101023	0.893281	0.106719	0.631579	0.368421
1382167421	1000	101024	0.902128	0.0978723	0.596226	0.403774
1382167421	1000	101025	0.897959	0.102041	0.596078	0.403922
1382167421	1000	101026	0.898039	0.101961	0.661224	0.338776
1382167421	1000	101027	0.873563	0.126437	0.669456	0.330544
1382167421	1000	101028	0.841667	0.158333	0.646154	0.353846
1382167421	1000	101029	0.821138	0.178862	0.685039	0.314961
1382167421	1000	101030	0.837302	0.162698	0.705645	0.294355
1382167421	1000	101031	0.844262	0.155738	0.761719	0.238281
1382167421	1000	101032	0.850394	0.149606	0.747967	0.252033
1382167421	1000	101033	0.839695	0.160305	0.697479	0.302521
1382167421	1000	101034	0.827731	0.172269	0.69084	0.30916
1382167421	1000	101035	0.818548	0.181452	0.718254	0.281746
1382167421	1000	101036	0.857724	0.142276	0.783465	0.216535
1382167421	1000	101037	0.841085	0.158915	0.743802	0.256198
1382167421	1000	101038	0.783088	0.216912	0.741228	0.258772
1382167421	1000	101039	0.797521	0.202479	0.732558	0.267442
1382167421	1000	101040	0.797101	0.202899	0.75	0.25
1382167421	1000	101041	0.786885	0.213115	0.753906	0.246094
1382167421	1000	101042	0.785992	0.214008	0.73251	0.26749
1382167421	1000	101043	0.809322	0.190678	0.734848	0.265152
1382167421	1000	101044	0.815385	0.184615	0.775	0.225
1382167421	1000	101045	0.812766	0.187234	0.792453	0.207547
1382167421	1000	101046	0.839695	0.160305	0.819328	0.180672
1382167421	1000	101047	0.84585	0.15415	0.805668	0.194332
1382167421	1000	101048	0.877863	0.122137	0.794118	0.205882
1382167421	1000	101049	0.870588	0.129412	0.816327	0.183673
1382167421	1000	101050	0.853755	0.146245	0.793522	0.206478
1382167421	1000	101051	0.842742	0.157258	0.821429	0.178571
1382167421	1000	101052	0.8375	0.1625	0.815385	0.184615
1382167421	1000	101053	0.821293	0.178707	0.814346	0.185654
1382167421	1000	101054	0.792683	0.207317	0.807087	0.192913
1382167421	1000	101055	0.807087	0.192913	0.845528	0.154472
1382167421	1000	101056	0.800797	0.199203	0.839357	0.160643
1382167421	1000	101057	0.825911	0.174089	0.86166	0.13834
1382167421	1000	101058	0.821293	0.178707	0.877637	0.122363
1382167421	1000	101059	0.827869	0.172131	0.839844	0.160156
1382167421	1000	101060	0.852713	0.147287	0.867769	0.132231
1382167421	1000	101061	0.86194	0.13806	0.883621	0.116379
1382167421	1000	101062	0.853061	0.146939	0.886275	0.113725
1382167421	1000	101063	0.842324	0.157676	0.907336	0.0926641
1382167421	1000	101064	0.850394	0.149606	0.886179	0.113821
1382167421	1000	101065	0.848249	0.151751	0.876543	0.123457
1382167421	1000	101066	0.858824	0.141176	0.844898	0.155102
1382167421	1000	101067	0.890152	0.109848	0.847458	0.152542
1382167421	1000	101068	0.872727	0.127273	0.844444	0.155556
1382167421	1000	101069	0.842324	0.157676	0.787645	0.212355
1382167421	1000	101070	0.878431	0.121569	0.804082	0.195918
1382167421	1000	101071	0.866426	0.133574	0.811659	0.188341
1382167421	1000	101072	0.872093	0.127907	0.768595	0.231405
1382167421	1000	101073	0.897119	0.102881	0.758755	0.241245
1382167421	1000	101074	0.920635	0.0793651	0.766129	0.233871
1382167421	1000	101075	0.901575	0.0984252	0.776423	0.223577
1382167421	1000	101076	0.918216	0.0817844	0.761905	0.238095
1382167421	1000	101077	0.909091	0.0909091	0.720648	0.279352
1382167421	1000	101078	0.915385	0.0846154	0.7375	0.2625
1382167421	1000	101079	0.909465	0.090535	0.758755	0.241245
1382167421	1000	101080	0.918519	0.0814815	0.778261	0.221739
1382167421	1000	101081	0.898833	0.101167	0.773663	0.226337
1382167421	1000	101082	0.901235	0.0987654	0.766537	0.233463
1382167421	1000	101083	0.934959	0.0650407	0.728346	0.271654
1382167421	1000	101084	0.93913	0.0608696	0.733333	0.266667
1382167421	1000	101085	0.955466	0.0445344	0.735178	0.264822
1382167421	1000	101086	0.94382	0.0561798	0.716738	0.283262
1382167421	1000	101087	0.941176	0.0588235	0.687023	0.312977
1382167421	1000	101088	0.927419	0.0725806	0.714286	0.285714
1382167421	1000	101089	0.926829	0.0731707	0.751969	0.248031
1382167421	1000	101090	0.924303	0.0756972	0.783133	0.216867
1382167421	1000	101091	0.950617	0.0493827	0.770428	0.229572
1382167421	1000	101092	0.932489	0.0675105	0.771863	0.228137
1382167421	1000	101093	0.938776	0.0612245	0.807843	0.192157
1382167421	1000	101094	0.952941	0.0470588	0.783673	0.216327
1382167421	1000	101095	0.965957	0.0340426	0.777358	0.222642
1382167421	1000	101096	0.978448	0.0215517	0.817164	0.182836
1382167421	1000	101097	0.974138	0.0258621	0.835821	0.164179
1382167421	1000	101098	0.980159	0.0198413	0.830645	0.169355
1382167421	1000	101099	0.972222	0.0277778	0.818548	0.181452
1382167421	1000	101100	0.966527	0.0334728	0.831418	0.168582
1382167421	1000	101101	0.978495	0.0215054	0.791855	0.208145
1382167421	1000	101102	0.988417	0.011583	0.809129	0.190871
1382167421	1000	101103	0.986784	0.0132159	0.813187	0.186813
1382167421	1000	101104	0.987903	0.0120968	0.849206	0.150794
1382167421	1000	101105	0.992188	0.0078125	0.864754	0.135246
1382167421	1000	101106	0.995708	0.00429185	0.846442	0.153558
1382167421	1000	101107	0.991189	0.00881057	0.85348	0.14652
1382167421	1000	101108	0.988679	0.0113208	0.812766	0.187234
1382167421	1000	101109	0.988142	0.0118577	0.809717	0.190283
1382167421	1000	101110	0.984127	0.015873	0.842742	0.157258
1382167421	1000	101111	0.984615	0.0153846	0.841667	0.158333
1382167421	1000	101112	0.987854	0.0121457	0.826087	0.173913
1382167421	1000	101113	0.983871	0.016129	0.84127	0.15873
1382167421	1000	101114	0.987903	0.0120968	0.853175	0.146825
1382167421	1000	101115	0.988189	0.011811	0.845528	0.154472
1382167421	1000	101116	0.988189	0.011811	0.882114	0.117886
1382167421	1000	101117	0.992157	0.00784314	0.84898	0.15102
1382167421	1000	101118	0.992095	0.00790514	0.846154	0.153846
1382167421	1000	101119	0.98	0.02	0.844	0.156
1382167421	1000	101120	0.988189	0.011811	0.849593	0.150407
1382167421	1000	101121	0.983333	0.0166667	0.815385	0.184615
1382167421	1000	101122	0.991111	0.00888889	0.814545	0.185455
1382167421	1000	101123	0.988095	0.0119048	0.802419	0.197581
1382167421	1000	101124	0.980237	0.0197628	0.842105	0.157895
1382167421	1000	101125	0.972973	0.027027	0.809129	0.190871
1382167421	1000	101126	0.948413	0.0515873	0.790323	0.209677
1382167421	1000	101127	0.938525	0.0614754	0.769531	0.230469
1382167421	1000	101128	0.934156	0.0658436	0.7393	0.2607
1382167421	1000	101129	0.937255	0.0627451	0.755102	0.244898
1382167421	1000	101130	0.947154	0.0528455	0.744094	0.255906
1382167421	1000	101131	0.948819	0.0511811	0.804878	0.195122
1382167421	1000	101132	0.944664	0.055336	0.82996	0.17004
1382167421	1000	101133	0.971429	0.0285714	0.823529	0.176471
1382167421	1000	101134	0.952941	0.0470588	0.816327	0.183673
1382167421	1000	101135	0.960474	0.0395257	0.8583	0.1417
1382167421	1000	101136	0.967611	0.0323887	0.869565	0.130435
1382167421	1000	101137	0.970149	0.0298507	0.909483	0.0905172
1382167421	1000	101138	0.969112	0.030888	0.929461	0.0705394
1382167421	1000	101139	0.962185	0.0378151	0.912214	0.0877863
1382167421	1000	101140	0.965812	0.034188	0.93609	0.0639098
1382167421	1000	101141	0.960159	0.0398406	0.911647	0.0883534
1382167421	1000	101142	0.945946	0.0540541	0.883817	0.116183
1382167421	1000	101143	0.950413	0.0495868	0.872093	0.127907
1382167421	1000	101144	0.968127	0.0318725	0.88755	0.11245
1382167421	1000	101145	0.977186	0.0228137	0.877637	0.122363
1382167421	1000	101146	0.961686	0.0383142	0.866109	0.133891
1382167421	1000	101147	0.969231	0.0307692	0.870833	0.129167
1382167421	1000	101148	0.97318	0.0268199	0.933054	0.0669456
1382167421	1000	101149	0.979592	0.0204082	0.933333	0.0666667
1382167421	1000	101150	0.969466	0.0305344	0.941176	0.0588235
1382167421	1000	101151	0.956693	0.0433071	0.955285	0.0447154
1382167421	1000	101152	0.980916	0.019084	0.945378	0.0546218
1382167421	1000	101153	0.991903	0.00809717	0.928854	0.0711462
1382167421	1000	101154	0.992063	0.00793651	0.931452	0.0685484
1382167421	1000	101155	0.982979	0.0170213	0.94717	0.0528302
1382167421	1000	101156	0.988372	0.0116279	0.946281	0.053719
1382167421	1000	101157	0.996016	0.00398406	0.951807	0.0481928
1382167421	1000	101158	1.0	0.0	0.930894	0.0691057
1382167421	1000	101159	1.0	0.0	0.918367	0.0816327
1382167421	1000	101160	1.0	0.0	0.94	0.06
1382167421	1000	101161	1.0	0.0	0.956	0.044
1382167421	1000	101162	1.0	0.0	0.952569	0.0474308
1382167421	1000	101163	1.0	0.0	0.960474	0.0395257
1382167421	1000	101164	1.0	0.0	0.940711	0.0592885
1382167421	1000	101165	1.0	0.0	0.927711	0.0722892
1382167421	1000	101166	1.0	0.0	0.953488	0.0465116
1382167421	1000	101167	1.0	0.0	0.970833	0.0291667
1382167421	1000	101168	1.0	0.0	0.960474	0.0395257
1382167421	1000	101169	1.0	0.0	0.935743	0.064257
1382167421	1000	101170	1.0	0.0	0.962406	0.037594
1382167421	1000	101171	1.0	0.0	0.949219	0.0507812
1382167421	1000	101172	1.0	0.0	0.944223	0.0557769
1382167421	1000	101173	1.0	0.0	0.946154	0.0538462
1382167421	1000	101174	1.0	0.0	0.954023	0.045977
1382167421	1000	101175	1.0	0.0	0.972656	0.0273438
1382167421	1000	101176	1.0	0.0	0.972763	0.0272374
1382167421	1000	101177	1.0	0.0	0.983193	0.0168067
1382167421	1000	101178	1.0	0.0	0.988506	0.0114943
1382167421	1000	101179	1.0	0.0	0.992424	0.00757576
1382167421	1000	101180	1.0	0.0	1.0	0.0
1382167421	1000	101181	1.0	0.0	1.0	0.0
1382167421	1000	101182	1.0	0.0	1.0	0.0
1382167421	1000	101183	1.0	0.0	1.0	0.0
1382167421	1000	101184	1.0	0.0	1.0	0.0
1382167421	1000	101185	1.0	0.0	1.0	0.0
1382167421	1000	101186	1.0	0.0	1.0	0.0
1382167421	1000	101187	1.0	0.0	1.0	0.0
1382167421	1000	101188	1.0	0.0	1.0	0.0
1382167421	1000	101189	1.0	0.0	1.0	0.0
1382167421	1000	101190	1.0	0.0	1.0	0.0
1382167421	1000	101191	1.0	0.0	1.0	0.0
1382167421	1000	101192	1.0	0.0	1.0	0.0
1382167421	1000	101193	1.0	0.0	1.0	0.0
1382167421	1000	101194	1.0	0.0	1.0	0.0
1382167421	1000	101195	1.0	0.0	1.0	0.0
1382167421	1000	101196	1.0	0.0	1.0	0.0
1382167421	1000	101197	1.0	0.0	1.0	0.0
1382167421	1000	101198	1.0	0.0	1.0	0.0
1382167421	1000	101199	1.0	0.0	1.0	0.0
1382167421	1000	101200	1.0	0.0	1.0	0.0
