ID	Td	gen	p1m_in_p3	p2m_in_p3	p1f_in_p3	p2f_in_p3
477819777	100	100100	0.461169	0.538831	0.281025	0.718975
477819777	100	100101	0.455736	0.544264	0.284966	0.715034
477819777	100	100102	0.444262	0.555738	0.287661	0.712339
477819777	100	100103	0.45539	0.54461	0.280222	0.719778
477819777	100	100104	0.466425	0.533575	0.277358	0.722642
477819777	100	100105	0.468788	0.531212	0.287644	0.712356
477819777	100	100106	0.463493	0.536507	0.292741	0.707259
477819777	100	100107	0.474131	0.525869	0.314727	0.685273
477819777	100	100108	0.474878	0.525122	0.310821	0.689179
477819777	100	100109	0.460761	0.539239	0.301424	0.698576
477819777	100	100110	0.450222	0.549778	0.296546	0.703454
477819777	100	100111	0.461289	0.538711	0.304382	0.695618
477819777	100	100112	0.461691	0.538309	0.308343	0.691657
477819777	100	100113	0.478084	0.521916	0.317823	0.682177
477819777	100	100114	0.478051	0.521949	0.322606	0.677394
477819777	100	100115	0.476795	0.523205	0.308592	0.691408
477819777	100	100116	0.485993	0.514007	0.298384	0.701616
477819777	100	100117	0.480777	0.519223	0.295519	0.704481
477819777	100	100118	0.478261	0.521739	0.29919	0.70081
477819777	100	100119	0.472706	0.527294	0.294903	0.705097
477819777	100	100120	0.472042	0.527958	0.312796	0.687204
477819777	100	100121	0.468915	0.531085	0.304057	0.695943
477819777	100	100122	0.499582	0.500418	0.292402	0.707598
477819777	100	100123	0.525205	0.474795	0.284719	0.715281
477819777	100	100124	0.513416	0.486584	0.285657	0.714343
477819777	100	100125	0.489633	0.510367	0.272071	0.727929
477819777	100	100126	0.470424	0.529576	0.270616	0.729384
477819777	100	100127	0.479716	0.520284	0.268184	0.731816
477819777	100	100128	0.463345	0.536655	0.259186	0.740814
477819777	100	100129	0.448512	0.551488	0.268496	0.731504
477819777	100	100130	0.438687	0.561313	0.255259	0.744741
477819777	100	100131	0.430447	0.569553	0.260242	0.739758
477819777	100	100132	0.429487	0.570513	0.244808	0.755192
477819777	100	100133	0.434486	0.565514	0.250796	0.749204
477819777	100	100134	0.436141	0.563859	0.257386	0.742614
477819777	100	100135	0.41009	0.58991	0.244296	0.755704
477819777	100	100136	0.408642	0.591358	0.257977	0.742023
477819777	100	100137	0.423715	0.576285	0.262753	0.737247
477819777	100	100138	0.42713	0.57287	0.259215	0.740785
477819777	100	100139	0.426418	0.573582	0.257362	0.742638
477819777	100	100140	0.421517	0.578483	0.255082	0.744918
477819777	100	100141	0.399598	0.600402	0.258167	0.741833
477819777	100	100142	0.379019	0.620981	0.261146	0.738854
477819777	100	100143	0.370942	0.629058	0.259858	0.740142
477819777	100	100144	0.370818	0.629182	0.260421	0.739579
477819777	100	100145	0.372757	0.627243	0.265306	0.734694
477819777	100	100146	0.381065	0.618935	0.271805	0.728195
477819777	100	100147	0.364744	0.635256	0.283688	0.716312
477819777	100	100148	0.369695	0.630305	0.282372	0.717628
477819777	100	100149	0.363968	0.636032	0.279447	0.720553
477819777	100	100150	0.37144	0.62856	0.286398	0.713602
477819777	100	100151	0.374753	0.625247	0.272211	0.727789
477819777	100	100152	0.375861	0.624139	0.262742	0.737258
477819777	100	100153	0.369863	0.630137	0.261716	0.738284
477819777	100	100154	0.371507	0.628493	0.259455	0.740545
477819777	100	100155	0.384492	0.615508	0.264835	0.735165
477819777	100	100156	0.368061	0.631939	0.26253	0.73747
477819777	100	100157	0.380048	0.619952	0.2813	0.7187
477819777	100	100158	0.385951	0.614049	0.281411	0.718589
477819777	100	100159	0.380682	0.619318	0.283912	0.716088
477819777	100	100160	0.391339	0.608661	0.276935	0.723065
477819777	100	100161	0.390612	0.609388	0.280784	0.719216
477819777	100	100162	0.368421	0.631579	0.294305	0.705695
477819777	100	100163	0.359684	0.640316	0.281781	0.718219
477819777	100	100164	0.343426	0.656574	0.283133	0.716867
477819777	100	100165	0.330155	0.669845	0.283931	0.716069
477819777	100	100166	0.323284	0.676716	0.284792	0.715208
477819777	100	100167	0.323994	0.676006	0.293187	0.706813
477819777	100	100168	0.328784	0.671216	0.300518	0.699482
477819777	100	100169	0.330203	0.669797	0.313421	0.686579
477819777	100	100170	0.327681	0.672319	0.321834	0.678166
477819777	100	100171	0.323332	0.676668	0.3182	0.6818
477819777	100	100172	0.327628	0.672372	0.319324	0.680676
477819777	100	100173	0.317851	0.682149	0.321315	0.678685
477819777	100	100174	0.306058	0.693942	0.326688	0.673312
477819777	100	100175	0.311269	0.688731	0.312348	0.687652
477819777	100	100176	0.297769	0.702231	0.31716	0.68284
477819777	100	100177	0.311227	0.688773	0.311974	0.688026
477819777	100	100178	0.316043	0.683957	0.327497	0.672503
477819777	100	100179	0.325646	0.674354	0.331992	0.668008
477819777	100	100180	0.319682	0.680318	0.333199	0.666801
477819777	100	100181	0.330136	0.669864	0.33747	0.66253
477819777	100	100182	0.348875	0.651125	0.332006	0.667994
477819777	100	100183	0.340185	0.659815	0.322747	0.677253
477819777	100	100184	0.343977	0.656023	0.324624	0.675376
477819777	100	100185	0.350954	0.649046	0.329308	0.670692
477819777	100	100186	0.363855	0.636145	0.326693	0.673307
477819777	100	100187	0.377262	0.622738	0.30716	0.69284
477819777	100	100188	0.38184	0.61816	0.304777	0.695223
477819777	100	100189	0.376945	0.623055	0.318091	0.681909
477819777	100	100190	0.380609	0.619391	0.319888	0.680112
477819777	100	100191	0.382469	0.617531	0.315554	0.684446
477819777	100	100192	0.388889	0.611111	0.313196	0.686804
477819777	100	100193	0.396887	0.603113	0.318519	0.681481
477819777	100	100194	0.399763	0.600237	0.340753	0.659247
477819777	100	100195	0.405831	0.594169	0.333469	0.666531
477819777	100	100196	0.399112	0.600888	0.345361	0.654639
477819777	100	100197	0.390254	0.609746	0.334525	0.665475
477819777	100	100198	0.40891	0.59109	0.331858	0.668142
477819777	100	100199	0.427708	0.572292	0.322209	0.677791
477819777	100	100200	0.433774	0.566226	0.313475	0.686525
477819777	100	100201	0.437625	0.562375	0.299162	0.700838
477819777	100	100202	0.429191	0.570809	0.291684	0.708316
477819777	100	100203	0.418595	0.581405	0.297113	0.702887
477819777	100	100204	0.429193	0.570807	0.299353	0.700647
477819777	100	100205	0.424695	0.575305	0.301587	0.698413
477819777	100	100206	0.408983	0.591017	0.302335	0.697665
477819777	100	100207	0.394251	0.605749	0.317739	0.682261
477819777	100	100208	0.398167	0.601833	0.321558	0.678442
477819777	100	100209	0.40159	0.59841	0.303421	0.696579
477819777	100	100210	0.404093	0.595907	0.30303	0.69697
477819777	100	100211	0.42377	0.57623	0.292969	0.707031
477819777	100	100212	0.426829	0.573171	0.292107	0.707893
477819777	100	100213	0.432025	0.567975	0.301978	0.698022
477819777	100	100214	0.426604	0.573396	0.296869	0.703131
477819777	100	100215	0.420121	0.579879	0.291849	0.708151
477819777	100	100216	0.439937	0.560063	0.291751	0.708249
477819777	100	100217	0.440932	0.559068	0.272175	0.727825
477819777	100	100218	0.43373	0.56627	0.275068	0.724932
477819777	100	100219	0.42886	0.57114	0.268804	0.731196
477819777	100	100220	0.434589	0.565411	0.268273	0.731727
477819777	100	100221	0.447665	0.552335	0.271463	0.728537
477819777	100	100222	0.446186	0.553814	0.279223	0.720777
477819777	100	100223	0.461927	0.538073	0.274526	0.725474
477819777	100	100224	0.453502	0.546498	0.273352	0.726648
477819777	100	100225	0.447151	0.552849	0.269246	0.730754
477819777	100	100226	0.453947	0.546053	0.273364	0.726636
477819777	100	100227	0.458083	0.541917	0.276426	0.723574
477819777	100	100228	0.452951	0.547049	0.276083	0.723917
477819777	100	100229	0.457985	0.542015	0.287666	0.712334
477819777	100	100230	0.448924	0.551076	0.302658	0.697342
477819777	100	100231	0.458673	0.541327	0.310772	0.689228
477819777	100	100232	0.4692	0.5308	0.3036	0.6964
477819777	100	100233	0.468529	0.531471	0.295362	0.704638
477819777	100	100234	0.468102	0.531898	0.320225	0.679775
477819777	100	100235	0.474715	0.525285	0.320251	0.679749
477819777	100	100236	0.455502	0.544498	0.317247	0.682753
477819777	100	100237	0.453755	0.546245	0.323077	0.676923
477819777	100	100238	0.452157	0.547843	0.33102	0.66898
477819777	100	100239	0.471378	0.528622	0.328739	0.671261
477819777	100	100240	0.472039	0.527961	0.327103	0.672897
477819777	100	100241	0.491492	0.508508	0.320259	0.679741
477819777	100	100242	0.494917	0.505083	0.303817	0.696183
477819777	100	100243	0.497293	0.502707	0.302817	0.697183
477819777	100	100244	0.497756	0.502244	0.299333	0.700667
477819777	100	100245	0.504049	0.495951	0.286166	0.713834
477819777	100	100246	0.5004	0.4996	0.3032	0.6968
477819777	100	100247	0.494902	0.505098	0.320408	0.679592
477819777	100	100248	0.496417	0.503583	0.314309	0.685691
477819777	100	100249	0.505433	0.494567	0.31173	0.68827
477819777	100	100250	0.500196	0.499804	0.308228	0.691772
477819777	100	100251	0.507457	0.492543	0.304089	0.695911
477819777	100	100252	0.507082	0.492918	0.294583	0.705417
477819777	100	100253	0.500606	0.499394	0.290131	0.709869
477819777	100	100254	0.48996	0.51004	0.289243	0.710757
477819777	100	100255	0.492742	0.507258	0.286508	0.713492
477819777	100	100256	0.493418	0.506582	0.315283	0.684717
477819777	100	100257	0.475997	0.524003	0.307632	0.692368
477819777	100	100258	0.471383	0.528617	0.302335	0.697665
477819777	100	100259	0.46948	0.53052	0.313794	0.686206
477819777	100	100260	0.454145	0.545855	0.320416	0.679584
477819777	100	100261	0.442812	0.557188	0.313457	0.686543
477819777	100	100262	0.412095	0.587905	0.298841	0.701159
477819777	100	100263	0.423736	0.576264	0.313379	0.686621
477819777	100	100264	0.429552	0.570448	0.325406	0.674594
477819777	100	100265	0.427539	0.572461	0.310881	0.689119
477819777	100	100266	0.42446	0.57554	0.297438	0.702562
477819777	100	100267	0.404592	0.595408	0.303961	0.696039
477819777	100	100268	0.383859	0.616141	0.293865	0.706135
477819777	100	100269	0.372439	0.627561	0.304261	0.695739
477819777	100	100270	0.363636	0.636364	0.322341	0.677659
477819777	100	100271	0.37251	0.62749	0.320482	0.679518
477819777	100	100272	0.348594	0.651406	0.318327	0.681673
477819777	100	100273	0.349098	0.650902	0.323353	0.676647
477819777	100	100274	0.339071	0.660929	0.310152	0.689848
477819777	100	100275	0.339106	0.660894	0.318633	0.681367
477819777	100	100276	0.350934	0.649066	0.308905	0.691095
477819777	100	100277	0.341643	0.658357	0.308265	0.691735
477819777	100	100278	0.338147	0.661853	0.295572	0.704428
477819777	100	100279	0.338287	0.661713	0.298813	0.701187
477819777	100	100280	0.343086	0.656914	0.291816	0.708184
477819777	100	100281	0.350499	0.649501	0.309018	0.690982
477819777	100	100282	0.366943	0.633057	0.295832	0.704168
477819777	100	100283	0.369391	0.630609	0.291134	0.708866
477819777	100	100284	0.357772	0.642228	0.282348	0.717652
477819777	100	100285	0.357228	0.642772	0.278827	0.721173
477819777	100	100286	0.375753	0.624247	0.28059	0.71941
477819777	100	100287	0.376669	0.623331	0.281989	0.718011
477819777	100	100288	0.36626	0.63374	0.277953	0.722047
477819777	100	100289	0.367355	0.632645	0.25894	0.74106
477819777	100	100290	0.360752	0.639248	0.262771	0.737229
477819777	100	100291	0.378625	0.621375	0.264197	0.735803
477819777	100	100292	0.382205	0.617795	0.26501	0.73499
477819777	100	100293	0.396787	0.603213	0.253386	0.746614
477819777	100	100294	0.388754	0.611246	0.26068	0.73932
477819777	100	100295	0.393429	0.606571	0.264776	0.735224
477819777	100	100296	0.38629	0.61371	0.258333	0.741667
477819777	100	100297	0.373757	0.626243	0.253119	0.746881
477819777	100	100298	0.380796	0.619204	0.253999	0.746001
477819777	100	100299	0.358244	0.641756	0.233104	0.766896
477819777	100	100300	0.357861	0.642139	0.228412	0.771588
477819777	100	100301	0.354274	0.645726	0.235815	0.764185
477819777	100	100302	0.357802	0.642198	0.230953	0.769047
477819777	100	100303	0.342521	0.657479	0.225819	0.774181
477819777	100	100304	0.335994	0.664006	0.233761	0.766239
477819777	100	100305	0.337756	0.662244	0.237963	0.762037
477819777	100	100306	0.344051	0.655949	0.230892	0.769108
477819777	100	100307	0.336979	0.663021	0.227578	0.772422
477819777	100	100308	0.339563	0.660437	0.232193	0.767807
477819777	100	100309	0.342938	0.657062	0.233438	0.766562
477819777	100	100310	0.329627	0.670373	0.22361	0.77639
477819777	100	100311	0.322607	0.677393	0.215593	0.784407
477819777	100	100312	0.314263	0.685737	0.214853	0.785147
477819777	100	100313	0.321687	0.678313	0.212351	0.787649
477819777	100	100314	0.320958	0.679042	0.22004	0.77996
477819777	100	100315	0.34069	0.65931	0.230064	0.769936
477819777	100	100316	0.333333	0.666667	0.226914	0.773086
477819777	100	100317	0.35171	0.64829	0.2167	0.7833
477819777	100	100318	0.366706	0.633294	0.226339	0.773661
477819777	100	100319	0.357085	0.642915	0.225236	0.774764
477819777	100	100320	0.358191	0.641809	0.227416	0.772584
477819777	100	100321	0.37401	0.62599	0.228191	0.771809
477819777	100	100322	0.379103	0.620897	0.224221	0.775779
477819777	100	100323	0.373164	0.626836	0.224909	0.775091
477819777	100	100324	0.369695	0.630305	0.234369	0.765631
477819777	100	100325	0.366482	0.633518	0.231826	0.768174
477819777	100	100326	0.35167	0.64833	0.22444	0.77556
477819777	100	100327	0.370223	0.629777	0.215836	0.784164
477819777	100	100328	0.370282	0.629718	0.220701	0.779299
477819777	100	100329	0.373297	0.626703	0.218017	0.781983
477819777	100	100330	0.377689	0.622311	0.221285	0.778715
477819777	100	100331	0.380103	0.619897	0.222043	0.777957
477819777	100	100332	0.377159	0.622841	0.229608	0.770392
477819777	100	100333	0.383693	0.616307	0.234588	0.765412
477819777	100	100334	0.402655	0.597345	0.23031	0.76969
477819777	100	100335	0.40682	0.59318	0.23527	0.76473
477819777	100	100336	0.402693	0.597307	0.243625	0.756375
477819777	100	100337	0.405838	0.594162	0.236895	0.763105
477819777	100	100338	0.397786	0.602214	0.220558	0.779442
477819777	100	100339	0.396748	0.603252	0.214567	0.785433
477819777	100	100340	0.391753	0.608247	0.221953	0.778047
477819777	100	100341	0.383528	0.616472	0.21958	0.78042
477819777	100	100342	0.377231	0.622769	0.225898	0.774102
477819777	100	100343	0.380299	0.619701	0.230532	0.769468
477819777	100	100344	0.384151	0.615849	0.247812	0.752188
477819777	100	100345	0.40122	0.59878	0.259055	0.740945
477819777	100	100346	0.383943	0.616057	0.256039	0.743961
477819777	100	100347	0.4	0.6	0.272835	0.727165
477819777	100	100348	0.406536	0.593464	0.271377	0.728623
477819777	100	100349	0.412066	0.587934	0.280438	0.719562
477819777	100	100350	0.404032	0.595968	0.272222	0.727778
477819777	100	100351	0.42863	0.57137	0.276269	0.723731
477819777	100	100352	0.427426	0.572574	0.277733	0.722267
477819777	100	100353	0.419813	0.580187	0.281435	0.718565
477819777	100	100354	0.419657	0.580343	0.288462	0.711538
477819777	100	100355	0.419929	0.580071	0.282477	0.717523
477819777	100	100356	0.405691	0.594309	0.279921	0.720079
477819777	100	100357	0.416799	0.583201	0.287781	0.712219
477819777	100	100358	0.420079	0.579921	0.303659	0.696341
477819777	100	100359	0.420925	0.579075	0.302684	0.697316
477819777	100	100360	0.431006	0.568994	0.294164	0.705836
477819777	100	100361	0.442467	0.557533	0.292594	0.707406
477819777	100	100362	0.449816	0.550184	0.280578	0.719422
477819777	100	100363	0.44325	0.55675	0.282443	0.717557
477819777	100	100364	0.442729	0.557271	0.288416	0.711584
477819777	100	100365	0.44691	0.55309	0.270598	0.729402
477819777	100	100366	0.449027	0.550973	0.266255	0.733745
477819777	100	100367	0.449217	0.550783	0.265046	0.734954
477819777	100	100368	0.450202	0.549798	0.26917	0.73083
477819777	100	100369	0.446204	0.553796	0.266456	0.733544
477819777	100	100370	0.439662	0.560338	0.276452	0.723548
477819777	100	100371	0.440147	0.559853	0.283019	0.716981
477819777	100	100372	0.4405	0.5595	0.278461	0.721539
477819777	100	100373	0.454473	0.545527	0.278045	0.721955
477819777	100	100374	0.439369	0.560631	0.271605	0.728395
477819777	100	100375	0.437327	0.562673	0.265884	0.734116
477819777	100	100376	0.432054	0.567946	0.267014	0.732986
477819777	100	100377	0.440115	0.559885	0.257221	0.742779
477819777	100	100378	0.441038	0.558962	0.256922	0.743078
477819777	100	100379	0.440016	0.559984	0.263417	0.736583
477819777	100	100380	0.433068	0.566932	0.263052	0.736948
477819777	100	100381	0.43039	0.56961	0.251072	0.748928
477819777	100	100382	0.440032	0.559968	0.249302	0.750698
477819777	100	100383	0.437052	0.562948	0.24257	0.75743
477819777	100	100384	0.440467	0.559533	0.238266	0.761734
477819777	100	100385	0.442063	0.557937	0.238306	0.761694
477819777	100	100386	0.448413	0.551587	0.235887	0.764113
477819777	100	100387	0.444622	0.555378	0.24498	0.75502
477819777	100	100388	0.437674	0.562326	0.241864	0.758136
477819777	100	100389	0.439904	0.560096	0.241214	0.758786
477819777	100	100390	0.43252	0.56748	0.248031	0.751969
477819777	100	100391	0.431694	0.568306	0.243232	0.756768
477819777	100	100392	0.433774	0.566226	0.232307	0.767693
477819777	100	100393	0.438111	0.561889	0.243318	0.756682
477819777	100	100394	0.428685	0.571315	0.242449	0.757551
477819777	100	100395	0.41477	0.58523	0.232465	0.767535
477819777	100	100396	0.434024	0.565976	0.224675	0.775325
477819777	100	100397	0.442886	0.557114	0.231138	0.768862
477819777	100	100398	0.439984	0.560016	0.220415	0.779585
477819777	100	100399	0.446339	0.553661	0.220339	0.779661
477819777	100	100400	0.441984	0.558016	0.226865	0.773135
477819777	100	100401	0.438118	0.561882	0.221368	0.778632
477819777	100	100402	0.429209	0.570791	0.213018	0.786982
477819777	100	100403	0.414162	0.585838	0.201478	0.798522
477819777	100	100404	0.413752	0.586248	0.203343	0.796657
477819777	100	100405	0.407686	0.592314	0.188611	0.811389
477819777	100	100406	0.391611	0.608389	0.20049	0.79951
477819777	100	100407	0.396464	0.603536	0.214257	0.785743
477819777	100	100408	0.390379	0.609621	0.204951	0.795049
477819777	100	100409	0.391321	0.608679	0.210483	0.789517
477819777	100	100410	0.392757	0.607243	0.206362	0.793638
477819777	100	100411	0.400479	0.599521	0.203771	0.796229
477819777	100	100412	0.392314	0.607686	0.21223	0.78777
477819777	100	100413	0.387575	0.612425	0.197206	0.802794
477819777	100	100414	0.388319	0.611681	0.196269	0.803731
477819777	100	100415	0.389824	0.610176	0.190895	0.809105
477819777	100	100416	0.391459	0.608541	0.202752	0.797248
477819777	100	100417	0.397217	0.602783	0.206439	0.793561
477819777	100	100418	0.384101	0.615899	0.210248	0.789752
477819777	100	100419	0.413504	0.586496	0.210252	0.789748
477819777	100	100420	0.413598	0.586402	0.20601	0.79399
477819777	100	100421	0.410556	0.589444	0.200953	0.799047
477819777	100	100422	0.413403	0.586597	0.214824	0.785176
477819777	100	100423	0.410986	0.589014	0.205108	0.794892
477819777	100	100424	0.396189	0.603811	0.197098	0.802902
477819777	100	100425	0.395321	0.604679	0.197337	0.802663
477819777	100	100426	0.404697	0.595303	0.21636	0.78364
477819777	100	100427	0.410518	0.589482	0.214111	0.785889
477819777	100	100428	0.406746	0.593254	0.207258	0.792742
477819777	100	100429	0.394726	0.605274	0.206763	0.793237
477819777	100	100430	0.397467	0.602533	0.20768	0.79232
477819777	100	100431	0.389049	0.610951	0.211591	0.788409
477819777	100	100432	0.371934	0.628066	0.207322	0.792678
477819777	100	100433	0.364522	0.635478	0.215195	0.784805
477819777	100	100434	0.36967	0.63033	0.21957	0.78043
477819777	100	100435	0.362076	0.637924	0.2264	0.7736
477819777	100	100436	0.360767	0.639233	0.23308	0.76692
477819777	100	100437	0.365048	0.634952	0.238344	0.761656
477819777	100	100438	0.362725	0.637275	0.245493	0.754507
477819777	100	100439	0.361134	0.638866	0.258893	0.741107
477819777	100	100440	0.366785	0.633215	0.252948	0.747052
477819777	100	100441	0.372881	0.627119	0.270817	0.729183
477819777	100	100442	0.372764	0.627236	0.252756	0.747244
477819777	100	100443	0.378609	0.621391	0.255018	0.744982
477819777	100	100444	0.375794	0.624206	0.260887	0.739113
477819777	100	100445	0.37369	0.62631	0.249278	0.750722
477819777	100	100446	0.354877	0.645123	0.254237	0.745763
477819777	100	100447	0.341849	0.658151	0.239937	0.760063
477819777	100	100448	0.354248	0.645752	0.244864	0.755136
477819777	100	100449	0.333333	0.666667	0.232669	0.767331
477819777	100	100450	0.338548	0.661452	0.22497	0.77503
477819777	100	100451	0.341414	0.658586	0.230099	0.769901
477819777	100	100452	0.344691	0.655309	0.218901	0.781099
477819777	100	100453	0.355808	0.644192	0.232072	0.767928
477819777	100	100454	0.367363	0.632637	0.218839	0.781161
477819777	100	100455	0.365415	0.634585	0.223558	0.776442
477819777	100	100456	0.365014	0.634986	0.221962	0.778038
477819777	100	100457	0.365014	0.634986	0.225479	0.774521
477819777	100	100458	0.344966	0.655034	0.216195	0.783805
477819777	100	100459	0.318893	0.681107	0.211807	0.788193
477819777	100	100460	0.323848	0.676152	0.215968	0.784032
477819777	100	100461	0.310456	0.689544	0.203726	0.796274
477819777	100	100462	0.309341	0.690659	0.201425	0.798575
477819777	100	100463	0.317735	0.682265	0.198209	0.801791
477819777	100	100464	0.333063	0.666937	0.19645	0.80355
477819777	100	100465	0.340443	0.659557	0.186573	0.813427
477819777	100	100466	0.326052	0.673948	0.185918	0.814082
477819777	100	100467	0.336727	0.663273	0.176206	0.823794
477819777	100	100468	0.332005	0.667995	0.173826	0.826174
477819777	100	100469	0.326776	0.673224	0.180949	0.819051
477819777	100	100470	0.335489	0.664511	0.182898	0.817102
477819777	100	100471	0.343386	0.656614	0.195782	0.804218
477819777	100	100472	0.336965	0.663035	0.209358	0.790642
477819777	100	100473	0.333601	0.666399	0.214172	0.785828
477819777	100	100474	0.338288	0.661712	0.212266	0.787734
477819777	100	100475	0.341101	0.658899	0.232577	0.767423
477819777	100	100476	0.35002	0.64998	0.233186	0.766814
477819777	100	100477	0.36457	0.63543	0.236852	0.763148
477819777	100	100478	0.353792	0.646208	0.243653	0.756347
477819777	100	100479	0.339165	0.660835	0.24668	0.75332
477819777	100	100480	0.349678	0.650322	0.238854	0.761146
477819777	100	100481	0.350397	0.649603	0.237097	0.762903
477819777	100	100482	0.353933	0.646067	0.240829	0.759171
477819777	100	100483	0.328269	0.671731	0.22609	0.77391
477819777	100	100484	0.329283	0.670717	0.213148	0.786852
477819777	100	100485	0.337056	0.662944	0.209386	0.790614
477819777	100	100486	0.334646	0.665354	0.220325	0.779675
477819777	100	100487	0.339066	0.660934	0.222439	0.777561
477819777	100	100488	0.352209	0.647791	0.223506	0.776494
477819777	100	100489	0.339546	0.660454	0.21169	0.78831
477819777	100	100490	0.338767	0.661233	0.211268	0.788732
477819777	100	100491	0.34191	0.65809	0.207392	0.792608
477819777	100	100492	0.352214	0.647786	0.212595	0.787405
477819777	100	100493	0.358797	0.641203	0.21347	0.78653
477819777	100	100494	0.339905	0.660095	0.212662	0.787338
477819777	100	100495	0.346816	0.653184	0.214543	0.785457
477819777	100	100496	0.35961	0.64039	0.223316	0.776684
477819777	100	100497	0.363345	0.636655	0.217913	0.782087
477819777	100	100498	0.354787	0.645213	0.206046	0.793954
477819777	100	100499	0.350236	0.649764	0.192997	0.807003
477819777	100	100500	0.357001	0.642999	0.193223	0.806777
477819777	100	100501	0.362389	0.637611	0.191118	0.808882
477819777	100	100502	0.378161	0.621839	0.187724	0.812276
477819777	100	100503	0.385354	0.614646	0.178329	0.821671
477819777	100	100504	0.399436	0.600564	0.178245	0.821755
477819777	100	100505	0.399755	0.600245	0.190906	0.809094
477819777	100	100506	0.389679	0.610321	0.192989	0.807011
477819777	100	100507	0.389328	0.610672	0.201619	0.798381
477819777	100	100508	0.387033	0.612967	0.197908	0.802092
477819777	100	100509	0.37625	0.62375	0.200385	0.799615
477819777	100	100510	0.373561	0.626439	0.17896	0.82104
477819777	100	100511	0.376041	0.623959	0.174667	0.825333
477819777	100	100512	0.381986	0.618014	0.173896	0.826104
477819777	100	100513	0.391935	0.608065	0.17381	0.82619
477819777	100	100514	0.387269	0.612731	0.183626	0.816374
477819777	100	100515	0.383327	0.616673	0.193742	0.806258
477819777	100	100516	0.379864	0.620136	0.19625	0.80375
477819777	100	100517	0.366145	0.633855	0.197512	0.802488
477819777	100	100518	0.369841	0.630159	0.204032	0.795968
477819777	100	100519	0.375748	0.624252	0.188127	0.811873
477819777	100	100520	0.371646	0.628354	0.186976	0.813024
477819777	100	100521	0.376442	0.623558	0.191395	0.808605
477819777	100	100522	0.379589	0.620411	0.208647	0.791353
477819777	100	100523	0.394912	0.605088	0.221268	0.778732
477819777	100	100524	0.394223	0.605777	0.226005	0.773995
477819777	100	100525	0.396047	0.603953	0.219433	0.780567
477819777	100	100526	0.393482	0.606518	0.233494	0.766506
477819777	100	100527	0.393363	0.606637	0.238434	0.761566
477819777	100	100528	0.391843	0.608157	0.240896	0.759104
477819777	100	100529	0.3964	0.6036	0.2404	0.7596
477819777	100	100530	0.398888	0.601112	0.242449	0.757551
477819777	100	100531	0.394355	0.605645	0.235714	0.764286
477819777	100	100532	0.371878	0.628122	0.234313	0.765687
477819777	100	100533	0.363858	0.636142	0.248919	0.751081
477819777	100	100534	0.362055	0.637945	0.253674	0.746326
477819777	100	100535	0.356331	0.643669	0.24724	0.75276
477819777	100	100536	0.36093	0.63907	0.237441	0.762559
477819777	100	100537	0.349162	0.650838	0.246592	0.753408
477819777	100	100538	0.348214	0.651786	0.249175	0.750825
477819777	100	100539	0.336273	0.663727	0.246307	0.753693
477819777	100	100540	0.331627	0.668373	0.255587	0.744413
477819777	100	100541	0.331713	0.668287	0.246148	0.753852
477819777	100	100542	0.333064	0.666936	0.244365	0.755635
477819777	100	100543	0.322942	0.677058	0.240993	0.759007
477819777	100	100544	0.32497	0.67503	0.243179	0.756821
477819777	100	100545	0.313702	0.686298	0.244598	0.755402
477819777	100	100546	0.308029	0.691971	0.253221	0.746779
477819777	100	100547	0.308562	0.691438	0.254358	0.745642
477819777	100	100548	0.288853	0.711147	0.245895	0.754105
477819777	100	100549	0.303522	0.696478	0.249899	0.750101
477819777	100	100550	0.306758	0.693242	0.243179	0.756821
477819777	100	100551	0.313282	0.686718	0.235038	0.764962
477819777	100	100552	0.33123	0.66877	0.241477	0.758523
477819777	100	100553	0.345704	0.654296	0.234034	0.765966
477819777	100	100554	0.346338	0.653662	0.237138	0.762862
477819777	100	100555	0.336098	0.663902	0.23906	0.76094
477819777	100	100556	0.330446	0.669554	0.226708	0.773292
477819777	100	100557	0.330227	0.669773	0.221564	0.778436
477819777	100	100558	0.322632	0.677368	0.214372	0.785628
477819777	100	100559	0.332404	0.667596	0.211415	0.788585
477819777	100	100560	0.340735	0.659265	0.189853	0.810147
477819777	100	100561	0.326389	0.673611	0.18652	0.81348
477819777	100	100562	0.335616	0.664384	0.191025	0.808975
477819777	100	100563	0.330231	0.669769	0.181495	0.818505
477819777	100	100564	0.353365	0.646635	0.186102	0.813898
477819777	100	100565	0.365324	0.634676	0.189627	0.810373
477819777	100	100566	0.369298	0.630702	0.194433	0.805567
477819777	100	100567	0.370311	0.629689	0.193665	0.806335
477819777	100	100568	0.364641	0.635359	0.186537	0.813463
477819777	100	100569	0.377787	0.622213	0.186579	0.813421
477819777	100	100570	0.380152	0.619848	0.180728	0.819272
477819777	100	100571	0.392626	0.607374	0.186809	0.813191
477819777	100	100572	0.394451	0.605549	0.180661	0.819339
477819777	100	100573	0.398177	0.601823	0.171244	0.828756
477819777	100	100574	0.397255	0.602745	0.181926	0.818074
477819777	100	100575	0.397727	0.602273	0.192035	0.807965
477819777	100	100576	0.398874	0.601126	0.184242	0.815758
477819777	100	100577	0.395784	0.604216	0.173773	0.826227
477819777	100	100578	0.39321	0.60679	0.170653	0.829347
477819777	100	100579	0.39775	0.60225	0.167264	0.832736
477819777	100	100580	0.417143	0.582857	0.167451	0.832549
477819777	100	100581	0.412895	0.587105	0.165402	0.834598
477819777	100	100582	0.408981	0.591019	0.153481	0.846519
477819777	100	100583	0.423406	0.576594	0.146211	0.853789
477819777	100	100584	0.411211	0.588789	0.157615	0.842385
477819777	100	100585	0.413171	0.586829	0.155574	0.844426
477819777	100	100586	0.411598	0.588402	0.138516	0.861484
477819777	100	100587	0.415605	0.584395	0.142283	0.857717
477819777	100	100588	0.416836	0.583164	0.159386	0.840614
477819777	100	100589	0.429023	0.570977	0.158236	0.841764
477819777	100	100590	0.428966	0.571034	0.161395	0.838605
477819777	100	100591	0.442169	0.557831	0.154183	0.845817
477819777	100	100592	0.454765	0.545235	0.152805	0.847195
477819777	100	100593	0.46297	0.53703	0.152234	0.847766
477819777	100	100594	0.465664	0.534336	0.151635	0.848365
477819777	100	100595	0.463774	0.536226	0.147047	0.852953
477819777	100	100596	0.457038	0.542962	0.153756	0.846244
477819777	100	100597	0.454106	0.545894	0.174086	0.825914
477819777	100	100598	0.458693	0.541307	0.179198	0.820802
477819777	100	100599	0.464373	0.535627	0.180219	0.819781
477819777	100	100600	0.467011	0.532989	0.18599	0.81401
477819777	100	100601	0.457982	0.542018	0.183048	0.816952
477819777	100	100602	0.439791	0.560209	0.183949	0.816051
477819777	100	100603	0.441236	0.558764	0.179063	0.820937
477819777	100	100604	0.456084	0.543916	0.206513	0.793487
477819777	100	100605	0.430875	0.569125	0.202858	0.797142
477819777	100	100606	0.442846	0.557154	0.200961	0.799039
477819777	100	100607	0.429092	0.570908	0.208136	0.791864
477819777	100	100608	0.413284	0.586716	0.207341	0.792659
477819777	100	100609	0.409366	0.590634	0.217598	0.782402
477819777	100	100610	0.411908	0.588092	0.205057	0.794943
477819777	100	100611	0.420154	0.579846	0.204017	0.795983
477819777	100	100612	0.417752	0.582248	0.20283	0.79717
477819777	100	100613	0.439044	0.560956	0.200898	0.799102
477819777	100	100614	0.445978	0.554022	0.206981	0.793019
477819777	100	100615	0.446809	0.553191	0.212834	0.787166
477819777	100	100616	0.434647	0.565353	0.197784	0.802216
477819777	100	100617	0.430137	0.569863	0.193047	0.806953
477819777	100	100618	0.422529	0.577471	0.176702	0.823298
477819777	100	100619	0.412302	0.587698	0.170968	0.829032
477819777	100	100620	0.416898	0.583102	0.161355	0.838645
477819777	100	100621	0.425523	0.574477	0.160572	0.839428
477819777	100	100622	0.427926	0.572074	0.166082	0.833918
477819777	100	100623	0.417495	0.582505	0.156539	0.843461
477819777	100	100624	0.421032	0.578968	0.145258	0.854742
477819777	100	100625	0.417783	0.582217	0.149389	0.850611
477819777	100	100626	0.407123	0.592877	0.151839	0.848161
477819777	100	100627	0.410535	0.589465	0.150816	0.849184
477819777	100	100628	0.4052	0.5948	0.1544	0.8456
477819777	100	100629	0.416187	0.583813	0.16251	0.83749
477819777	100	100630	0.41797	0.58203	0.159553	0.840447
477819777	100	100631	0.434696	0.565304	0.163241	0.836759
477819777	100	100632	0.431745	0.568255	0.173138	0.826862
477819777	100	100633	0.430506	0.569494	0.181197	0.818803
477819777	100	100634	0.421309	0.578691	0.187328	0.812672
477819777	100	100635	0.423323	0.576677	0.196715	0.803285
477819777	100	100636	0.419178	0.580822	0.198773	0.801227
477819777	100	100637	0.419768	0.580232	0.195522	0.804478
477819777	100	100638	0.427885	0.572115	0.20607	0.79393
477819777	100	100639	0.415905	0.584095	0.201207	0.798793
477819777	100	100640	0.411741	0.588259	0.209312	0.790688
477819777	100	100641	0.414173	0.585827	0.19878	0.80122
477819777	100	100642	0.415915	0.584085	0.205798	0.794202
477819777	100	100643	0.416091	0.583909	0.21859	0.78141
477819777	100	100644	0.422284	0.577716	0.206215	0.793785
477819777	100	100645	0.434765	0.565235	0.197726	0.802274
477819777	100	100646	0.450567	0.549433	0.18558	0.81442
477819777	100	100647	0.440079	0.559921	0.183707	0.816293
477819777	100	100648	0.443131	0.556869	0.187279	0.812721
477819777	100	100649	0.442139	0.557861	0.182438	0.817562
477819777	100	100650	0.430875	0.569125	0.186185	0.813815
477819777	100	100651	0.448803	0.551197	0.187678	0.812322
477819777	100	100652	0.442422	0.557578	0.190861	0.809139
477819777	100	100653	0.446017	0.553983	0.198259	0.801741
477819777	100	100654	0.441456	0.558544	0.196197	0.803803
477819777	100	100655	0.42586	0.57414	0.189397	0.810603
477819777	100	100656	0.437823	0.562177	0.206202	0.793798
477819777	100	100657	0.442172	0.557828	0.220504	0.779496
477819777	100	100658	0.450278	0.549722	0.236927	0.763073
477819777	100	100659	0.434323	0.565677	0.238095	0.761905
477819777	100	100660	0.424641	0.575359	0.247592	0.752408
477819777	100	100661	0.427933	0.572067	0.239653	0.760347
477819777	100	100662	0.429933	0.570067	0.232971	0.767029
477819777	100	100663	0.441823	0.558177	0.22738	0.77262
477819777	100	100664	0.453587	0.546413	0.23332	0.76668
477819777	100	100665	0.451229	0.548771	0.228006	0.771994
477819777	100	100666	0.442529	0.557471	0.220749	0.779251
477819777	100	100667	0.438723	0.561277	0.226854	0.773146
477819777	100	100668	0.431189	0.568811	0.22445	0.77555
477819777	100	100669	0.4328	0.5672	0.2132	0.7868
477819777	100	100670	0.435012	0.564988	0.21513	0.78487
477819777	100	100671	0.435148	0.564852	0.209832	0.790168
477819777	100	100672	0.426922	0.573078	0.215348	0.784652
477819777	100	100673	0.434452	0.565548	0.21297	0.78703
477819777	100	100674	0.437624	0.562376	0.210101	0.789899
477819777	100	100675	0.433266	0.566734	0.202367	0.797633
477819777	100	100676	0.445014	0.554986	0.198132	0.801868
477819777	100	100677	0.432281	0.567719	0.195034	0.804966
477819777	100	100678	0.449246	0.550754	0.186101	0.813899
477819777	100	100679	0.439967	0.560033	0.18954	0.81046
477819777	100	100680	0.427188	0.572812	0.190797	0.809203
477819777	100	100681	0.424292	0.575708	0.196254	0.803746
477819777	100	100682	0.418876	0.581124	0.196813	0.803187
477819777	100	100683	0.420198	0.579802	0.18303	0.81697
477819777	100	100684	0.402985	0.597015	0.179691	0.820309
477819777	100	100685	0.384049	0.615951	0.173777	0.826223
477819777	100	100686	0.391187	0.608813	0.173228	0.826772
477819777	100	100687	0.390657	0.609343	0.192174	0.807826
477819777	100	100688	0.382987	0.617013	0.195438	0.804562
477819777	100	100689	0.379487	0.620513	0.20284	0.79716
477819777	100	100690	0.378389	0.621611	0.190194	0.809806
477819777	100	100691	0.380378	0.619622	0.183048	0.816952
477819777	100	100692	0.37668	0.62332	0.189474	0.810526
477819777	100	100693	0.369504	0.630496	0.188417	0.811583
477819777	100	100694	0.36794	0.63206	0.190668	0.809332
477819777	100	100695	0.36209	0.63791	0.205098	0.794902
477819777	100	100696	0.364881	0.635119	0.199046	0.800954
477819777	100	100697	0.367084	0.632916	0.201507	0.798493
477819777	100	100698	0.376875	0.623125	0.197486	0.802514
477819777	100	100699	0.357827	0.642173	0.197115	0.802885
477819777	100	100700	0.356126	0.643874	0.189069	0.810931
477819777	100	100701	0.350628	0.649372	0.18713	0.81287
477819777	100	100702	0.342148	0.657852	0.186074	0.813926
477819777	100	100703	0.347571	0.652429	0.191585	0.808415
477819777	100	100704	0.350696	0.649304	0.201207	0.798793
477819777	100	100705	0.340699	0.659301	0.193947	0.806053
477819777	100	100706	0.339003	0.660997	0.18568	0.81432
477819777	100	100707	0.345855	0.654145	0.20149	0.79851
477819777	100	100708	0.348019	0.651981	0.20388	0.79612
477819777	100	100709	0.357171	0.642829	0.204646	0.795354
477819777	100	100710	0.367412	0.632588	0.195513	0.804487
477819777	100	100711	0.368193	0.631807	0.191403	0.808597
477819777	100	100712	0.379297	0.620703	0.192954	0.807046
477819777	100	100713	0.378571	0.621429	0.191532	0.808468
477819777	100	100714	0.391643	0.608357	0.202032	0.797968
477819777	100	100715	0.394608	0.605392	0.200235	0.799765
477819777	100	100716	0.390948	0.609052	0.206401	0.793599
477819777	100	100717	0.380064	0.619936	0.21112	0.78888
477819777	100	100718	0.364005	0.635995	0.218713	0.781287
477819777	100	100719	0.372027	0.627973	0.227074	0.772926
477819777	100	100720	0.378583	0.621417	0.235129	0.764871
477819777	100	100721	0.391028	0.608972	0.216848	0.783152
477819777	100	100722	0.394972	0.605028	0.216654	0.783346
477819777	100	100723	0.396694	0.603306	0.214315	0.785685
477819777	100	100724	0.40871	0.59129	0.209451	0.790549
477819777	100	100725	0.401854	0.598146	0.205637	0.794363
477819777	100	100726	0.387084	0.612916	0.204228	0.795772
477819777	100	100727	0.390397	0.609603	0.217975	0.782025
477819777	100	100728	0.409091	0.590909	0.207865	0.792135
477819777	100	100729	0.408534	0.591466	0.215877	0.784123
477819777	100	100730	0.411339	0.588661	0.222841	0.777159
477819777	100	100731	0.405513	0.594487	0.22507	0.77493
477819777	100	100732	0.409324	0.590676	0.225192	0.774808
477819777	100	100733	0.417899	0.582101	0.238686	0.761314
477819777	100	100734	0.407677	0.592323	0.225347	0.774653
477819777	100	100735	0.396424	0.603576	0.214668	0.785332
477819777	100	100736	0.403931	0.596069	0.22138	0.77862
477819777	100	100737	0.409478	0.590522	0.230739	0.769261
477819777	100	100738	0.409401	0.590599	0.227798	0.772202
477819777	100	100739	0.408889	0.591111	0.227723	0.772277
477819777	100	100740	0.407725	0.592275	0.22897	0.77103
477819777	100	100741	0.409374	0.590626	0.22557	0.77443
477819777	100	100742	0.409433	0.590567	0.217602	0.782398
477819777	100	100743	0.419138	0.580862	0.221368	0.778632
477819777	100	100744	0.418023	0.581977	0.228134	0.771866
477819777	100	100745	0.413495	0.586505	0.236638	0.763362
477819777	100	100746	0.426512	0.573488	0.240911	0.759089
477819777	100	100747	0.423852	0.576148	0.244241	0.755759
477819777	100	100748	0.417712	0.582288	0.239788	0.760212
477819777	100	100749	0.409524	0.590476	0.234274	0.765726
477819777	100	100750	0.400968	0.599032	0.234034	0.765966
477819777	100	100751	0.388844	0.611156	0.236342	0.763658
477819777	100	100752	0.381401	0.618599	0.254005	0.745995
477819777	100	100753	0.386867	0.613133	0.259709	0.740291
477819777	100	100754	0.383562	0.616438	0.242256	0.757744
477819777	100	100755	0.390778	0.609222	0.233511	0.766489
477819777	100	100756	0.403021	0.596979	0.243961	0.756039
477819777	100	100757	0.400328	0.599672	0.250585	0.749415
477819777	100	100758	0.399599	0.600401	0.240719	0.759281
477819777	100	100759	0.39372	0.60628	0.22814	0.77186
477819777	100	100760	0.396429	0.603571	0.218952	0.781048
477819777	100	100761	0.40049	0.59951	0.219741	0.780259
477819777	100	100762	0.410678	0.589322	0.227581	0.772419
477819777	100	100763	0.415415	0.584585	0.210121	0.789879
477819777	100	100764	0.428742	0.571258	0.21865	0.78135
477819777	100	100765	0.43429	0.56571	0.219628	0.780372
477819777	100	100766	0.4375	0.5625	0.209127	0.790873
477819777	100	100767	0.453526	0.546474	0.209665	0.790335
477819777	100	100768	0.457237	0.542763	0.202492	0.797508
477819777	100	100769	0.44092	0.55908	0.2046	0.7954
477819777	100	100770	0.435276	0.564724	0.215718	0.784282
477819777	100	100771	0.437076	0.562924	0.215058	0.784942
477819777	100	100772	0.434507	0.565493	0.214315	0.785685
477819777	100	100773	0.417732	0.582268	0.222356	0.777644
477819777	100	100774	0.426132	0.573868	0.218372	0.781628
477819777	100	100775	0.409823	0.590177	0.218203	0.781797
477819777	100	100776	0.420016	0.579984	0.212978	0.787022
477819777	100	100777	0.423124	0.576876	0.229988	0.770012
477819777	100	100778	0.41314	0.58686	0.234617	0.765383
477819777	100	100779	0.415372	0.584628	0.222178	0.777822
477819777	100	100780	0.410819	0.589181	0.22499	0.77501
477819777	100	100781	0.41144	0.58856	0.227181	0.772819
477819777	100	100782	0.40288	0.59712	0.235705	0.764295
477819777	100	100783	0.397106	0.602894	0.226513	0.773487
477819777	100	100784	0.415385	0.584615	0.222312	0.777688
477819777	100	100785	0.411552	0.588448	0.230554	0.769446
477819777	100	100786	0.404771	0.595229	0.230584	0.769416
477819777	100	100787	0.402693	0.597307	0.236563	0.763437
477819777	100	100788	0.403808	0.596192	0.240016	0.759984
477819777	100	100789	0.397806	0.602194	0.237101	0.762899
477819777	100	100790	0.404112	0.595888	0.239174	0.760826
477819777	100	100791	0.392929	0.607071	0.23178	0.76822
477819777	100	100792	0.365462	0.634538	0.225896	0.774104
477819777	100	100793	0.355565	0.644435	0.214006	0.785994
477819777	100	100794	0.358073	0.641927	0.218079	0.781921
477819777	100	100795	0.363236	0.636764	0.211746	0.788254
477819777	100	100796	0.359968	0.640032	0.195876	0.804124
477819777	100	100797	0.360534	0.639466	0.202774	0.797226
477819777	100	100798	0.361078	0.638922	0.213565	0.786435
477819777	100	100799	0.362421	0.637579	0.204805	0.795195
477819777	100	100800	0.346656	0.653344	0.203397	0.796603
477819777	100	100801	0.355858	0.644142	0.210484	0.789516
477819777	100	100802	0.339177	0.660823	0.188064	0.811936
477819777	100	100803	0.321626	0.678374	0.19708	0.80292
477819777	100	100804	0.322593	0.677407	0.193484	0.806516
477819777	100	100805	0.319334	0.680666	0.199919	0.800081
477819777	100	100806	0.324565	0.675435	0.20601	0.79399
477819777	100	100807	0.326177	0.673823	0.207525	0.792475
477819777	100	100808	0.33693	0.66307	0.197358	0.802642
477819777	100	100809	0.342314	0.657686	0.193457	0.806543
477819777	100	100810	0.34288	0.65712	0.195557	0.804443
477819777	100	100811	0.352469	0.647531	0.189318	0.810682
477819777	100	100812	0.347444	0.652556	0.182692	0.817308
477819777	100	100813	0.332672	0.667328	0.17372	0.82628
477819777	100	100814	0.322491	0.677509	0.186769	0.813231
477819777	100	100815	0.324149	0.675851	0.190363	0.809637
477819777	100	100816	0.322594	0.677406	0.190306	0.809694
477819777	100	100817	0.303362	0.696638	0.189253	0.810747
477819777	100	100818	0.298977	0.701023	0.188771	0.811229
477819777	100	100819	0.291204	0.708796	0.192649	0.807351
477819777	100	100820	0.28942	0.71058	0.204201	0.795799
477819777	100	100821	0.302252	0.697748	0.209802	0.790198
477819777	100	100822	0.295561	0.704439	0.219572	0.780428
477819777	100	100823	0.29367	0.70633	0.23123	0.76877
477819777	100	100824	0.301488	0.698512	0.235487	0.764513
477819777	100	100825	0.294046	0.705954	0.248518	0.751482
477819777	100	100826	0.298555	0.701445	0.230064	0.769936
477819777	100	100827	0.29789	0.70211	0.218849	0.781151
477819777	100	100828	0.297813	0.702187	0.231791	0.768209
477819777	100	100829	0.29246	0.70754	0.225403	0.774597
477819777	100	100830	0.27542	0.72458	0.247002	0.752998
477819777	100	100831	0.292419	0.707581	0.2501	0.7499
477819777	100	100832	0.308901	0.691099	0.235995	0.764005
477819777	100	100833	0.317304	0.682696	0.254162	0.745838
477819777	100	100834	0.319592	0.680408	0.251121	0.748879
477819777	100	100835	0.313925	0.686075	0.257862	0.742138
477819777	100	100836	0.30663	0.69337	0.254258	0.745742
477819777	100	100837	0.298712	0.701288	0.259141	0.740859
477819777	100	100838	0.301342	0.698658	0.257379	0.742621
477819777	100	100839	0.300987	0.699013	0.248832	0.751168
477819777	100	100840	0.288385	0.711615	0.247385	0.752615
477819777	100	100841	0.287525	0.712475	0.260202	0.739798
477819777	100	100842	0.287916	0.712084	0.253354	0.746646
477819777	100	100843	0.293556	0.706444	0.247385	0.752615
477819777	100	100844	0.294782	0.705218	0.25699	0.74301
477819777	100	100845	0.30313	0.69687	0.273717	0.726283
477819777	100	100846	0.294211	0.705789	0.263519	0.736481
477819777	100	100847	0.286501	0.713499	0.260268	0.739732
477819777	100	100848	0.290349	0.709651	0.260458	0.739542
477819777	100	100849	0.29195	0.70805	0.253296	0.746704
477819777	100	100850	0.275806	0.724194	0.248016	0.751984
477819777	100	100851	0.266026	0.733974	0.257188	0.742812
477819777	100	100852	0.26717	0.73283	0.280935	0.719065
477819777	100	100853	0.250499	0.749501	0.277133	0.722867
477819777	100	100854	0.254065	0.745935	0.281102	0.718898
477819777	100	100855	0.252362	0.747638	0.278862	0.721138
477819777	100	100856	0.264182	0.735818	0.281596	0.718404
477819777	100	100857	0.255997	0.744003	0.296703	0.703297
477819777	100	100858	0.263705	0.736295	0.297481	0.702519
477819777	100	100859	0.270512	0.729488	0.277384	0.722616
477819777	100	100860	0.263767	0.736233	0.273456	0.726544
477819777	100	100861	0.261483	0.738517	0.281573	0.718427
477819777	100	100862	0.263894	0.736106	0.283313	0.716687
477819777	100	100863	0.273084	0.726916	0.272912	0.727088
477819777	100	100864	0.262295	0.737705	0.272509	0.727491
477819777	100	100865	0.25128	0.74872	0.273466	0.726534
477819777	100	100866	0.258104	0.741896	0.277409	0.722591
477819777	100	100867	0.253386	0.746614	0.288353	0.711647
477819777	100	100868	0.256536	0.743464	0.297022	0.702978
477819777	100	100869	0.249607	0.750393	0.306596	0.693404
477819777	100	100870	0.253317	0.746683	0.305611	0.694389
477819777	100	100871	0.258259	0.741741	0.308181	0.691819
477819777	100	100872	0.263116	0.736884	0.317619	0.682381
477819777	100	100873	0.274358	0.725642	0.330192	0.669808
477819777	100	100874	0.278094	0.721906	0.336871	0.663129
477819777	100	100875	0.297404	0.702596	0.360049	0.639951
477819777	100	100876	0.287328	0.712672	0.354084	0.645916
477819777	100	100877	0.291833	0.708167	0.358513	0.641487
477819777	100	100878	0.284634	0.715366	0.37299	0.62701
477819777	100	100879	0.264372	0.735628	0.36996	0.63004
477819777	100	100880	0.2716	0.7284	0.3616	0.6384
477819777	100	100881	0.262386	0.737614	0.366572	0.633428
477819777	100	100882	0.261962	0.738038	0.362761	0.637239
477819777	100	100883	0.258347	0.741653	0.369565	0.630435
477819777	100	100884	0.248709	0.751291	0.385824	0.614176
477819777	100	100885	0.24475	0.75525	0.386292	0.613708
477819777	100	100886	0.245012	0.754988	0.41259	0.58741
477819777	100	100887	0.262436	0.737564	0.404986	0.595014
477819777	100	100888	0.256452	0.743548	0.403175	0.596825
477819777	100	100889	0.258454	0.741546	0.404213	0.595787
477819777	100	100890	0.252195	0.747805	0.40818	0.59182
477819777	100	100891	0.249796	0.750204	0.414375	0.585625
477819777	100	100892	0.262156	0.737844	0.420221	0.579779
477819777	100	100893	0.256044	0.743956	0.417037	0.582963
477819777	100	100894	0.25	0.75	0.430129	0.569871
477819777	100	100895	0.245806	0.754194	0.416085	0.583915
477819777	100	100896	0.24778	0.75222	0.420301	0.579699
477819777	100	100897	0.244741	0.755259	0.422073	0.577927
477819777	100	100898	0.238495	0.761505	0.404238	0.595762
477819777	100	100899	0.231873	0.768127	0.406426	0.593574
477819777	100	100900	0.239234	0.760766	0.420144	0.579856
477819777	100	100901	0.245861	0.754139	0.407508	0.592492
477819777	100	100902	0.252598	0.747402	0.39992	0.60008
477819777	100	100903	0.247423	0.752577	0.392655	0.607345
477819777	100	100904	0.235623	0.764377	0.409856	0.590144
477819777	100	100905	0.224288	0.775712	0.402104	0.597896
477819777	100	100906	0.213917	0.786083	0.404024	0.595976
477819777	100	100907	0.220169	0.779831	0.404221	0.595779
477819777	100	100908	0.223186	0.776814	0.392857	0.607143
477819777	100	100909	0.24046	0.75954	0.403824	0.596176
477819777	100	100910	0.223543	0.776457	0.39564	0.60436
477819777	100	100911	0.222222	0.777778	0.397518	0.602482
477819777	100	100912	0.224369	0.775631	0.387175	0.612825
477819777	100	100913	0.211376	0.788624	0.387148	0.612852
477819777	100	100914	0.21246	0.78754	0.396635	0.603365
477819777	100	100915	0.212146	0.787854	0.408696	0.591304
477819777	100	100916	0.206177	0.793823	0.396889	0.603111
477819777	100	100917	0.206299	0.793701	0.404065	0.595935
477819777	100	100918	0.214741	0.785259	0.391566	0.608434
477819777	100	100919	0.210972	0.789028	0.407378	0.592622
477819777	100	100920	0.208038	0.791962	0.41511	0.58489
477819777	100	100921	0.208016	0.791984	0.397206	0.602794
477819777	100	100922	0.217928	0.782072	0.417056	0.582944
477819777	100	100923	0.203363	0.796637	0.427658	0.572342
477819777	100	100924	0.204941	0.795059	0.423943	0.576057
477819777	100	100925	0.195927	0.804073	0.412967	0.587033
477819777	100	100926	0.181493	0.818507	0.4166	0.5834
477819777	100	100927	0.190036	0.809964	0.418558	0.581442
477819777	100	100928	0.1927	0.8073	0.395595	0.604405
477819777	100	100929	0.176917	0.823083	0.390224	0.609776
477819777	100	100930	0.169261	0.830739	0.392385	0.607615
477819777	100	100931	0.157581	0.842419	0.383595	0.616405
477819777	100	100932	0.163249	0.836751	0.381218	0.618782
477819777	100	100933	0.165485	0.834515	0.380585	0.619415
477819777	100	100934	0.163853	0.836147	0.374562	0.625438
477819777	100	100935	0.160778	0.839222	0.384522	0.615478
477819777	100	100936	0.162595	0.837405	0.393528	0.606472
477819777	100	100937	0.174361	0.825639	0.38073	0.61927
477819777	100	100938	0.17867	0.82133	0.369256	0.630744
477819777	100	100939	0.175314	0.824686	0.375	0.625
477819777	100	100940	0.165717	0.834283	0.36478	0.63522
477819777	100	100941	0.162173	0.837827	0.372388	0.627612
477819777	100	100942	0.156175	0.843825	0.367871	0.632129
477819777	100	100943	0.156138	0.843862	0.360451	0.639549
477819777	100	100944	0.170828	0.829172	0.375454	0.624546
477819777	100	100945	0.181747	0.818253	0.363711	0.636289
477819777	100	100946	0.176846	0.823154	0.356313	0.643687
477819777	100	100947	0.179694	0.820306	0.347101	0.652899
477819777	100	100948	0.182917	0.817083	0.353852	0.646148
477819777	100	100949	0.186927	0.813073	0.349659	0.650341
477819777	100	100950	0.190089	0.809911	0.357368	0.642632
477819777	100	100951	0.197711	0.802289	0.36618	0.63382
477819777	100	100952	0.199061	0.800939	0.378633	0.621367
477819777	100	100953	0.197442	0.802558	0.379103	0.620897
477819777	100	100954	0.186831	0.813169	0.388866	0.611134
477819777	100	100955	0.186065	0.813935	0.392133	0.607867
477819777	100	100956	0.194	0.806	0.3792	0.6208
477819777	100	100957	0.19992	0.80008	0.371805	0.628195
477819777	100	100958	0.18588	0.81412	0.362214	0.637786
477819777	100	100959	0.186168	0.813832	0.362515	0.637485
477819777	100	100960	0.187952	0.812048	0.364143	0.635857
477819777	100	100961	0.186576	0.813424	0.378054	0.621946
477819777	100	100962	0.1815	0.8185	0.381953	0.618047
477819777	100	100963	0.204041	0.795959	0.384895	0.615105
477819777	100	100964	0.210692	0.789308	0.381922	0.618078
477819777	100	100965	0.210928	0.789072	0.385902	0.614098
477819777	100	100966	0.204882	0.795118	0.390244	0.609756
477819777	100	100967	0.208062	0.791938	0.378538	0.621462
477819777	100	100968	0.21274	0.78726	0.365347	0.634653
477819777	100	100969	0.216139	0.783861	0.37648	0.62352
477819777	100	100970	0.211042	0.788958	0.36018	0.63982
477819777	100	100971	0.211851	0.788149	0.34858	0.65142
477819777	100	100972	0.219679	0.780321	0.335458	0.664542
477819777	100	100973	0.218616	0.781384	0.340974	0.659026
477819777	100	100974	0.218167	0.781833	0.334812	0.665188
477819777	100	100975	0.227273	0.772727	0.34069	0.65931
477819777	100	100976	0.216858	0.783142	0.33239	0.66761
477819777	100	100977	0.223483	0.776517	0.327198	0.672802
477819777	100	100978	0.231678	0.768322	0.318846	0.681154
477819777	100	100979	0.254698	0.745302	0.32493	0.67507
477819777	100	100980	0.253874	0.746126	0.315747	0.684253
477819777	100	100981	0.248184	0.751816	0.334655	0.665345
477819777	100	100982	0.2499	0.7501	0.336535	0.663465
477819777	100	100983	0.258697	0.741303	0.339736	0.660264
477819777	100	100984	0.240377	0.759623	0.349101	0.650899
477819777	100	100985	0.228343	0.771657	0.345491	0.654509
477819777	100	100986	0.217897	0.782103	0.329745	0.670255
477819777	100	100987	0.217323	0.782677	0.332376	0.667624
477819777	100	100988	0.21249	0.78751	0.329124	0.670876
477819777	100	100989	0.224104	0.775896	0.32629	0.67371
477819777	100	100990	0.220501	0.779499	0.307692	0.692308
477819777	100	100991	0.225176	0.774824	0.302621	0.697379
477819777	100	100992	0.217794	0.782206	0.299682	0.700318
477819777	100	100993	0.215494	0.784506	0.28897	0.71103
477819777	100	100994	0.21585	0.78415	0.27963	0.72037
477819777	100	100995	0.210505	0.789495	0.270551	0.729449
477819777	100	100996	0.207361	0.792639	0.28144	0.71856
477819777	100	100997	0.209626	0.790374	0.277554	0.722446
477819777	100	100998	0.207342	0.792658	0.276874	0.723126
477819777	100	100999	0.20535	0.79465	0.260374	0.739626
477819777	100	101000	0.206306	0.793694	0.264089	0.735911
477819777	100	101001	0.204195	0.795805	0.2685	0.7315
477819777	100	101002	0.203232	0.796768	0.258218	0.741782
477819777	100	101003	0.215968	0.784032	0.273347	0.726653
477819777	100	101004	0.204699	0.795301	0.259944	0.740056
477819777	100	101005	0.19423	0.80577	0.272548	0.727452
477819777	100	101006	0.197048	0.802952	0.254312	0.745688
477819777	100	101007	0.20347	0.79653	0.25	0.75
477819777	100	101008	0.209293	0.790707	0.240654	0.759346
477819777	100	101009	0.192791	0.807209	0.237851	0.762149
477819777	100	101010	0.199357	0.800643	0.229697	0.770303
477819777	100	101011	0.200244	0.799756	0.226897	0.773103
477819777	100	101012	0.213612	0.786388	0.228817	0.771183
477819777	100	101013	0.212589	0.787411	0.21342	0.78658
477819777	100	101014	0.22283	0.77717	0.201884	0.798116
477819777	100	101015	0.211273	0.788727	0.198895	0.801105
477819777	100	101016	0.203255	0.796745	0.189843	0.810157
477819777	100	101017	0.208838	0.791162	0.206304	0.793696
477819777	100	101018	0.195364	0.804636	0.225232	0.774768
477819777	100	101019	0.205285	0.794715	0.222047	0.777953
477819777	100	101020	0.195669	0.804331	0.215854	0.784146
477819777	100	101021	0.191563	0.808437	0.225166	0.774834
477819777	100	101022	0.186651	0.813349	0.209768	0.790232
477819777	100	101023	0.18583	0.81417	0.214229	0.785771
477819777	100	101024	0.201772	0.798228	0.229638	0.770362
477819777	100	101025	0.195812	0.804188	0.223461	0.776539
477819777	100	101026	0.2	0.8	0.217374	0.782626
477819777	100	101027	0.196755	0.803245	0.235897	0.764103
477819777	100	101028	0.187625	0.812375	0.24489	0.75511
477819777	100	101029	0.187475	0.812525	0.244651	0.755349
477819777	100	101030	0.18937	0.81063	0.25	0.75
477819777	100	101031	0.197837	0.802163	0.245306	0.754694
477819777	100	101032	0.1992	0.8008	0.2548	0.7452
477819777	100	101033	0.202434	0.797566	0.252071	0.747929
477819777	100	101034	0.201996	0.798004	0.267335	0.732665
477819777	100	101035	0.201991	0.798009	0.273851	0.726149
477819777	100	101036	0.196078	0.803922	0.265282	0.734718
477819777	100	101037	0.208383	0.791617	0.256112	0.743888
477819777	100	101038	0.210074	0.789926	0.250586	0.749414
477819777	100	101039	0.218508	0.781492	0.260699	0.739301
477819777	100	101040	0.204843	0.795157	0.264813	0.735187
477819777	100	101041	0.196311	0.803689	0.273438	0.726562
477819777	100	101042	0.203034	0.796966	0.290243	0.709757
477819777	100	101043	0.206994	0.793006	0.291401	0.708599
477819777	100	101044	0.196133	0.803867	0.294404	0.705596
477819777	100	101045	0.193805	0.806195	0.275584	0.724416
477819777	100	101046	0.179291	0.820709	0.271247	0.728753
477819777	100	101047	0.177552	0.822448	0.271797	0.728203
477819777	100	101048	0.176113	0.823887	0.274704	0.725296
477819777	100	101049	0.166202	0.833798	0.258531	0.741469
477819777	100	101050	0.169086	0.830914	0.276214	0.723786
477819777	100	101051	0.169697	0.830303	0.257426	0.742574
477819777	100	101052	0.16242	0.83758	0.24799	0.75201
477819777	100	101053	0.175885	0.824115	0.242863	0.757137
477819777	100	101054	0.164362	0.835638	0.236938	0.763062
477819777	100	101055	0.15513	0.84487	0.238601	0.761399
477819777	100	101056	0.173485	0.826515	0.226607	0.773393
477819777	100	101057	0.184934	0.815066	0.239261	0.760739
477819777	100	101058	0.17689	0.82311	0.247877	0.752123
477819777	100	101059	0.172204	0.827796	0.240521	0.759479
477819777	100	101060	0.169796	0.830204	0.232279	0.767721
477819777	100	101061	0.174761	0.825239	0.214228	0.785772
477819777	100	101062	0.162237	0.837763	0.217023	0.782977
477819777	100	101063	0.161694	0.838306	0.219048	0.780952
477819777	100	101064	0.160864	0.839136	0.214314	0.785686
477819777	100	101065	0.160966	0.839034	0.219881	0.780119
477819777	100	101066	0.168232	0.831768	0.210114	0.789886
477819777	100	101067	0.167763	0.832237	0.207944	0.792056
477819777	100	101068	0.176238	0.823762	0.212929	0.787071
477819777	100	101069	0.180282	0.819718	0.20994	0.79006
477819777	100	101070	0.189113	0.810887	0.208333	0.791667
477819777	100	101071	0.182574	0.817426	0.208889	0.791111
477819777	100	101072	0.177156	0.822844	0.20404	0.79596
477819777	100	101073	0.185185	0.814815	0.198584	0.801416
477819777	100	101074	0.187294	0.812706	0.19837	0.80163
477819777	100	101075	0.182256	0.817744	0.201674	0.798326
477819777	100	101076	0.18225	0.81775	0.206381	0.793619
477819777	100	101077	0.184708	0.815292	0.198807	0.801193
477819777	100	101078	0.179789	0.820211	0.201498	0.798502
477819777	100	101079	0.174817	0.825183	0.197172	0.802828
477819777	100	101080	0.177673	0.822327	0.19829	0.80171
477819777	100	101081	0.181312	0.818688	0.193964	0.806036
477819777	100	101082	0.180276	0.819724	0.191886	0.808114
477819777	100	101083	0.1748	0.8252	0.1876	0.8124
477819777	100	101084	0.182443	0.817557	0.188291	0.811709
477819777	100	101085	0.167143	0.832857	0.182922	0.817078
477819777	100	101086	0.157768	0.842232	0.186927	0.813073
477819777	100	101087	0.16037	0.83963	0.190287	0.809713
477819777	100	101088	0.156737	0.843263	0.194078	0.805922
477819777	100	101089	0.154681	0.845319	0.197531	0.802469
477819777	100	101090	0.150222	0.849778	0.193882	0.806118
477819777	100	101091	0.154357	0.845643	0.20975	0.79025
477819777	100	101092	0.15587	0.84413	0.214024	0.785976
477819777	100	101093	0.162022	0.837978	0.209003	0.790997
477819777	100	101094	0.150376	0.849624	0.204205	0.795795
477819777	100	101095	0.146023	0.853977	0.201779	0.798221
477819777	100	101096	0.146822	0.853178	0.220764	0.779236
477819777	100	101097	0.141153	0.858847	0.222938	0.777062
477819777	100	101098	0.140261	0.859739	0.225192	0.774808
477819777	100	101099	0.131705	0.868295	0.218625	0.781375
477819777	100	101100	0.128044	0.871956	0.218487	0.781513
