ID	Td	gen	p1m_in_p3	p2m_in_p3	p1f_in_p3	p2f_in_p3
477819777	1000	101000	0.461169	0.538831	0.281025	0.718975
477819777	1000	101001	0.460478	0.539522	0.297671	0.702329
477819777	1000	101002	0.461351	0.538649	0.287175	0.712825
477819777	1000	101003	0.45768	0.54232	0.294935	0.705065
477819777	1000	101004	0.467594	0.532406	0.308249	0.691751
477819777	1000	101005	0.465247	0.534753	0.315014	0.684986
477819777	1000	101006	0.45807	0.54193	0.320793	0.679207
477819777	1000	101007	0.443855	0.556145	0.332027	0.667973
477819777	1000	101008	0.453112	0.546888	0.323832	0.676168
477819777	1000	101009	0.45026	0.54974	0.319984	0.680016
477819777	1000	101010	0.45008	0.54992	0.31851	0.68149
477819777	1000	101011	0.459747	0.540253	0.326034	0.673966
477819777	1000	101012	0.464029	0.535971	0.327062	0.672938
477819777	1000	101013	0.471032	0.528968	0.303226	0.696774
477819777	1000	101014	0.471118	0.528882	0.323955	0.676045
477819777	1000	101015	0.452614	0.547386	0.3029	0.6971
477819777	1000	101016	0.446352	0.553648	0.296266	0.703734
477819777	1000	101017	0.453932	0.546068	0.28888	0.71112
477819777	1000	101018	0.461289	0.538711	0.289775	0.710225
477819777	1000	101019	0.469166	0.530834	0.298134	0.701866
477819777	1000	101020	0.468949	0.531051	0.287379	0.712621
477819777	1000	101021	0.455339	0.544661	0.279323	0.720677
477819777	1000	101022	0.467559	0.532441	0.272691	0.727309
477819777	1000	101023	0.468713	0.531287	0.252542	0.747458
477819777	1000	101024	0.470236	0.529764	0.250701	0.749299
477819777	1000	101025	0.463926	0.536074	0.246129	0.753871
477819777	1000	101026	0.464501	0.535499	0.25369	0.74631
477819777	1000	101027	0.458087	0.541913	0.261082	0.738918
477819777	1000	101028	0.45933	0.54067	0.256019	0.743981
477819777	1000	101029	0.460687	0.539313	0.245443	0.754557
477819777	1000	101030	0.4616	0.5384	0.241146	0.758854
477819777	1000	101031	0.47463	0.52537	0.242291	0.757709
477819777	1000	101032	0.465429	0.534571	0.233293	0.766707
477819777	1000	101033	0.448262	0.551738	0.237485	0.762515
477819777	1000	101034	0.461818	0.538182	0.244752	0.755248
477819777	1000	101035	0.453945	0.546055	0.245571	0.754429
477819777	1000	101036	0.441637	0.558363	0.244914	0.755086
477819777	1000	101037	0.433374	0.566626	0.248123	0.751877
477819777	1000	101038	0.412616	0.587384	0.253684	0.746316
477819777	1000	101039	0.430303	0.569697	0.253861	0.746139
477819777	1000	101040	0.433086	0.566914	0.255232	0.744768
477819777	1000	101041	0.427209	0.572791	0.254925	0.745075
477819777	1000	101042	0.427269	0.572731	0.253532	0.746468
477819777	1000	101043	0.410439	0.589561	0.252125	0.747875
477819777	1000	101044	0.421596	0.578404	0.266425	0.733575
477819777	1000	101045	0.428403	0.571597	0.26479	0.73521
477819777	1000	101046	0.426912	0.573088	0.268078	0.731922
477819777	1000	101047	0.418614	0.581386	0.25695	0.74305
477819777	1000	101048	0.414969	0.585031	0.265114	0.734886
477819777	1000	101049	0.400397	0.599603	0.274597	0.725403
477819777	1000	101050	0.392497	0.607503	0.281634	0.718366
477819777	1000	101051	0.393694	0.606306	0.278306	0.721694
477819777	1000	101052	0.392872	0.607128	0.284486	0.715514
477819777	1000	101053	0.40269	0.59731	0.294498	0.705502
477819777	1000	101054	0.407736	0.592264	0.30143	0.69857
477819777	1000	101055	0.408363	0.591637	0.290455	0.709545
477819777	1000	101056	0.413355	0.586645	0.296296	0.703704
477819777	1000	101057	0.412223	0.587777	0.274785	0.725215
477819777	1000	101058	0.419238	0.580762	0.272255	0.727745
477819777	1000	101059	0.417472	0.582528	0.27663	0.72337
477819777	1000	101060	0.427381	0.572619	0.266935	0.733065
477819777	1000	101061	0.426645	0.573355	0.27027	0.72973
477819777	1000	101062	0.42513	0.57487	0.268633	0.731367
477819777	1000	101063	0.421739	0.578261	0.260324	0.739676
477819777	1000	101064	0.42078	0.57922	0.27492	0.72508
477819777	1000	101065	0.427416	0.572584	0.261971	0.738029
477819777	1000	101066	0.414919	0.585081	0.249206	0.750794
477819777	1000	101067	0.427484	0.572516	0.250799	0.749201
477819777	1000	101068	0.448191	0.551809	0.255062	0.744938
477819777	1000	101069	0.454005	0.545995	0.260694	0.739306
477819777	1000	101070	0.457176	0.542824	0.252558	0.747442
477819777	1000	101071	0.452657	0.547343	0.2499	0.7501
477819777	1000	101072	0.451919	0.548081	0.245451	0.754549
477819777	1000	101073	0.460863	0.539137	0.234776	0.765224
477819777	1000	101074	0.45274	0.54726	0.249396	0.750604
477819777	1000	101075	0.466586	0.533414	0.24682	0.75318
477819777	1000	101076	0.472267	0.527733	0.237261	0.762739
477819777	1000	101077	0.467405	0.532595	0.238188	0.761812
477819777	1000	101078	0.468763	0.531237	0.236205	0.763795
477819777	1000	101079	0.465153	0.534847	0.221776	0.778224
477819777	1000	101080	0.484124	0.515876	0.224173	0.775827
477819777	1000	101081	0.475345	0.524655	0.245842	0.754158
477819777	1000	101082	0.468276	0.531724	0.244344	0.755656
477819777	1000	101083	0.473071	0.526929	0.245621	0.754379
477819777	1000	101084	0.476923	0.523077	0.242191	0.757809
477819777	1000	101085	0.487365	0.512635	0.250897	0.749103
477819777	1000	101086	0.486282	0.513718	0.255131	0.744869
477819777	1000	101087	0.490004	0.509996	0.238133	0.761867
477819777	1000	101088	0.490282	0.509718	0.234772	0.765228
477819777	1000	101089	0.485981	0.514019	0.220953	0.779047
477819777	1000	101090	0.482404	0.517596	0.216512	0.783488
477819777	1000	101091	0.470068	0.529932	0.217045	0.782955
477819777	1000	101092	0.471888	0.528112	0.231076	0.768924
477819777	1000	101093	0.46563	0.53437	0.236307	0.763693
477819777	1000	101094	0.458745	0.541255	0.236725	0.763275
477819777	1000	101095	0.447337	0.552663	0.223732	0.776268
477819777	1000	101096	0.459645	0.540355	0.217288	0.782712
477819777	1000	101097	0.462142	0.537858	0.206038	0.793962
477819777	1000	101098	0.464923	0.535077	0.202261	0.797739
477819777	1000	101099	0.457547	0.542453	0.200733	0.799267
477819777	1000	101100	0.461021	0.538979	0.205419	0.794581
477819777	1000	101101	0.462215	0.537785	0.210484	0.789516
477819777	1000	101102	0.462699	0.537301	0.216333	0.783667
477819777	1000	101103	0.460142	0.539858	0.217762	0.782238
477819777	1000	101104	0.456245	0.543755	0.212389	0.787611
477819777	1000	101105	0.451268	0.548732	0.213247	0.786753
477819777	1000	101106	0.446378	0.553622	0.207197	0.792803
477819777	1000	101107	0.438068	0.561932	0.199767	0.800233
477819777	1000	101108	0.451239	0.548761	0.210568	0.789432
477819777	1000	101109	0.464342	0.535658	0.199919	0.800081
477819777	1000	101110	0.472771	0.527229	0.204681	0.795319
477819777	1000	101111	0.467684	0.532316	0.200877	0.799123
477819777	1000	101112	0.461262	0.538738	0.193109	0.806891
477819777	1000	101113	0.454545	0.545455	0.199516	0.800484
477819777	1000	101114	0.460532	0.539468	0.186365	0.813635
477819777	1000	101115	0.458266	0.541734	0.193918	0.806082
477819777	1000	101116	0.463149	0.536851	0.191498	0.808502
477819777	1000	101117	0.501418	0.498582	0.178981	0.821019
477819777	1000	101118	0.488198	0.511802	0.179414	0.820586
477819777	1000	101119	0.478209	0.521791	0.184168	0.815832
477819777	1000	101120	0.467682	0.532318	0.189032	0.810968
477819777	1000	101121	0.484394	0.515606	0.185905	0.814095
477819777	1000	101122	0.489875	0.510125	0.174753	0.825247
477819777	1000	101123	0.491186	0.508814	0.177316	0.822684
477819777	1000	101124	0.500783	0.499217	0.182747	0.817253
477819777	1000	101125	0.491697	0.508303	0.169498	0.830502
477819777	1000	101126	0.493981	0.506019	0.159888	0.840112
477819777	1000	101127	0.491883	0.508117	0.175473	0.824527
477819777	1000	101128	0.501392	0.498608	0.174245	0.825755
477819777	1000	101129	0.521032	0.478968	0.175	0.825
477819777	1000	101130	0.516013	0.483987	0.182254	0.817746
477819777	1000	101131	0.524268	0.475732	0.187076	0.812924
477819777	1000	101132	0.52356	0.47644	0.176798	0.823202
477819777	1000	101133	0.514781	0.485219	0.171336	0.828664
477819777	1000	101134	0.500196	0.499804	0.176111	0.823889
477819777	1000	101135	0.498371	0.501629	0.172563	0.827437
477819777	1000	101136	0.480268	0.519732	0.167478	0.832522
477819777	1000	101137	0.479871	0.520129	0.16097	0.83903
477819777	1000	101138	0.470923	0.529077	0.160567	0.839433
477819777	1000	101139	0.475329	0.524671	0.160047	0.839953
477819777	1000	101140	0.47136	0.52864	0.158488	0.841512
477819777	1000	101141	0.46495	0.53505	0.152727	0.847273
477819777	1000	101142	0.45661	0.54339	0.15588	0.84412
477819777	1000	101143	0.452267	0.547733	0.140788	0.859212
477819777	1000	101144	0.435358	0.564642	0.137336	0.862664
477819777	1000	101145	0.441104	0.558896	0.135692	0.864308
477819777	1000	101146	0.444092	0.555908	0.128329	0.871671
477819777	1000	101147	0.449823	0.550177	0.129728	0.870272
477819777	1000	101148	0.442417	0.557583	0.134964	0.865036
477819777	1000	101149	0.44133	0.55867	0.127048	0.872952
477819777	1000	101150	0.441129	0.558871	0.133333	0.866667
477819777	1000	101151	0.435497	0.564503	0.148562	0.851438
477819777	1000	101152	0.436681	0.563319	0.153164	0.846836
477819777	1000	101153	0.447863	0.552137	0.160192	0.839808
477819777	1000	101154	0.452846	0.547154	0.153937	0.846063
477819777	1000	101155	0.453543	0.546457	0.174797	0.825203
477819777	1000	101156	0.447326	0.552674	0.18049	0.81951
477819777	1000	101157	0.45812	0.54188	0.19129	0.80871
477819777	1000	101158	0.461385	0.538615	0.189924	0.810076
477819777	1000	101159	0.44801	0.55199	0.184791	0.815209
477819777	1000	101160	0.456903	0.543097	0.186447	0.813553
477819777	1000	101161	0.475826	0.524174	0.180699	0.819301
477819777	1000	101162	0.483007	0.516993	0.182473	0.817527
477819777	1000	101163	0.479764	0.520236	0.182077	0.817923
477819777	1000	101164	0.492203	0.507797	0.183273	0.816727
477819777	1000	101165	0.509256	0.490744	0.175132	0.824868
477819777	1000	101166	0.514567	0.485433	0.175185	0.824815
477819777	1000	101167	0.516335	0.483665	0.170683	0.829317
477819777	1000	101168	0.529412	0.470588	0.169279	0.830721
477819777	1000	101169	0.537343	0.462657	0.179967	0.820033
477819777	1000	101170	0.537595	0.462405	0.179069	0.820931
477819777	1000	101171	0.532635	0.467365	0.18745	0.81255
477819777	1000	101172	0.532239	0.467761	0.193368	0.806632
477819777	1000	101173	0.523848	0.476152	0.19945	0.80055
477819777	1000	101174	0.506515	0.493485	0.195362	0.804638
477819777	1000	101175	0.487411	0.512589	0.200163	0.799837
477819777	1000	101176	0.505246	0.494754	0.187946	0.812054
477819777	1000	101177	0.506405	0.493595	0.18785	0.81215
477819777	1000	101178	0.517118	0.482882	0.178859	0.821141
477819777	1000	101179	0.532389	0.467611	0.180632	0.819368
477819777	1000	101180	0.5272	0.4728	0.1892	0.8108
477819777	1000	101181	0.525565	0.474435	0.182883	0.817117
477819777	1000	101182	0.522727	0.477273	0.199839	0.800161
477819777	1000	101183	0.531797	0.468203	0.203301	0.796699
477819777	1000	101184	0.517282	0.482718	0.207008	0.792992
477819777	1000	101185	0.522617	0.477383	0.209588	0.790412
477819777	1000	101186	0.526736	0.473264	0.204491	0.795509
477819777	1000	101187	0.511555	0.488445	0.225174	0.774826
477819777	1000	101188	0.499194	0.500806	0.221429	0.778571
477819777	1000	101189	0.494364	0.505636	0.226153	0.773847
477819777	1000	101190	0.500399	0.499601	0.210906	0.789094
477819777	1000	101191	0.511002	0.488998	0.218775	0.781225
477819777	1000	101192	0.499595	0.500405	0.219194	0.780806
477819777	1000	101193	0.489497	0.510503	0.218813	0.781187
477819777	1000	101194	0.490095	0.509905	0.222132	0.777868
477819777	1000	101195	0.48732	0.51268	0.20435	0.79565
477819777	1000	101196	0.475383	0.524617	0.20341	0.79659
477819777	1000	101197	0.475324	0.524676	0.206487	0.793513
477819777	1000	101198	0.478591	0.521409	0.195922	0.804078
477819777	1000	101199	0.465339	0.534661	0.195181	0.804819
477819777	1000	101200	0.472488	0.527512	0.1874	0.8126
477819777	1000	101201	0.468543	0.531457	0.195046	0.804954
477819777	1000	101202	0.473621	0.526379	0.185348	0.814652
477819777	1000	101203	0.472244	0.527756	0.177159	0.822841
477819777	1000	101204	0.461661	0.538339	0.175881	0.824119
477819777	1000	101205	0.466377	0.533623	0.173139	0.826861
477819777	1000	101206	0.473161	0.526839	0.17827	0.82173
477819777	1000	101207	0.47489	0.52511	0.174034	0.825966
477819777	1000	101208	0.474369	0.525631	0.163149	0.836851
477819777	1000	101209	0.479688	0.520312	0.174015	0.825985
477819777	1000	101210	0.488308	0.511692	0.175616	0.824384
477819777	1000	101211	0.48721	0.51279	0.172538	0.827462
477819777	1000	101212	0.488565	0.511435	0.187094	0.812906
477819777	1000	101213	0.503832	0.496168	0.178104	0.821896
477819777	1000	101214	0.491613	0.508387	0.175881	0.824119
477819777	1000	101215	0.490283	0.509717	0.173518	0.826482
477819777	1000	101216	0.469715	0.530285	0.165935	0.834065
477819777	1000	101217	0.462992	0.537008	0.165447	0.834553
477819777	1000	101218	0.453785	0.546215	0.165462	0.834538
477819777	1000	101219	0.467931	0.532069	0.168981	0.831019
477819777	1000	101220	0.472813	0.527187	0.177498	0.822502
477819777	1000	101221	0.470942	0.529058	0.17485	0.82515
477819777	1000	101222	0.474095	0.525905	0.181854	0.818146
477819777	1000	101223	0.47558	0.52442	0.184253	0.815747
477819777	1000	101224	0.456055	0.543945	0.187278	0.812722
477819777	1000	101225	0.455804	0.544196	0.178389	0.821611
477819777	1000	101226	0.442017	0.557983	0.200242	0.799758
477819777	1000	101227	0.444757	0.555243	0.187176	0.812824
477819777	1000	101228	0.451334	0.548666	0.193312	0.806688
477819777	1000	101229	0.467252	0.532748	0.18109	0.81891
477819777	1000	101230	0.470259	0.529741	0.184369	0.815631
477819777	1000	101231	0.467569	0.532431	0.202654	0.797346
477819777	1000	101232	0.466425	0.533575	0.198965	0.801035
477819777	1000	101233	0.464933	0.535067	0.210804	0.789196
477819777	1000	101234	0.46727	0.53273	0.200311	0.799689
477819777	1000	101235	0.472013	0.527987	0.20395	0.79605
477819777	1000	101236	0.479375	0.520625	0.200959	0.799041
477819777	1000	101237	0.50371	0.49629	0.193473	0.806527
477819777	1000	101238	0.496261	0.503739	0.196015	0.803985
477819777	1000	101239	0.486635	0.513365	0.200326	0.799674
477819777	1000	101240	0.486156	0.513844	0.198113	0.801887
477819777	1000	101241	0.484564	0.515436	0.192544	0.807456
477819777	1000	101242	0.492829	0.507171	0.178313	0.821687
477819777	1000	101243	0.506158	0.493842	0.187676	0.812324
477819777	1000	101244	0.493064	0.506936	0.205087	0.794913
477819777	1000	101245	0.487662	0.512338	0.212096	0.787904
477819777	1000	101246	0.503792	0.496208	0.21523	0.78477
477819777	1000	101247	0.496777	0.503223	0.212867	0.787133
477819777	1000	101248	0.520548	0.479452	0.222002	0.777998
477819777	1000	101249	0.517338	0.482662	0.226817	0.773183
477819777	1000	101250	0.508123	0.491877	0.236407	0.763593
477819777	1000	101251	0.496448	0.503552	0.233982	0.766018
477819777	1000	101252	0.508408	0.491592	0.231682	0.768318
477819777	1000	101253	0.486011	0.513989	0.243395	0.756605
477819777	1000	101254	0.499008	0.500992	0.244453	0.755547
477819777	1000	101255	0.492147	0.507853	0.234803	0.765197
477819777	1000	101256	0.4944	0.5056	0.232	0.768
477819777	1000	101257	0.507212	0.492788	0.243211	0.756789
477819777	1000	101258	0.511767	0.488233	0.241877	0.758123
477819777	1000	101259	0.514676	0.485324	0.248707	0.751293
477819777	1000	101260	0.504016	0.495984	0.249004	0.750996
477819777	1000	101261	0.495805	0.504195	0.243893	0.756107
477819777	1000	101262	0.504081	0.495919	0.245159	0.754841
477819777	1000	101263	0.498019	0.501981	0.241922	0.758078
477819777	1000	101264	0.501179	0.498821	0.240228	0.759772
477819777	1000	101265	0.503415	0.496585	0.23855	0.76145
477819777	1000	101266	0.512605	0.487395	0.22591	0.77409
477819777	1000	101267	0.507329	0.492671	0.219733	0.780267
477819777	1000	101268	0.512454	0.487546	0.212074	0.787926
477819777	1000	101269	0.502028	0.497972	0.210734	0.789266
477819777	1000	101270	0.512921	0.487079	0.202371	0.797629
477819777	1000	101271	0.506899	0.493101	0.200315	0.799685
477819777	1000	101272	0.499197	0.500803	0.198008	0.801992
477819777	1000	101273	0.506844	0.493156	0.183381	0.816619
477819777	1000	101274	0.511702	0.488298	0.179911	0.820089
477819777	1000	101275	0.512759	0.487241	0.18138	0.81862
477819777	1000	101276	0.51761	0.48239	0.16943	0.83057
477819777	1000	101277	0.502544	0.497456	0.169734	0.830266
477819777	1000	101278	0.507092	0.492908	0.154346	0.845654
477819777	1000	101279	0.495002	0.504998	0.14886	0.85114
477819777	1000	101280	0.49265	0.50735	0.139348	0.860652
477819777	1000	101281	0.466505	0.533495	0.143933	0.856067
477819777	1000	101282	0.447421	0.552579	0.141657	0.858343
477819777	1000	101283	0.458617	0.541383	0.147659	0.852341
477819777	1000	101284	0.46683	0.53317	0.158718	0.841282
477819777	1000	101285	0.481038	0.518962	0.157114	0.842886
477819777	1000	101286	0.481541	0.518459	0.162281	0.837719
477819777	1000	101287	0.46547	0.53453	0.169881	0.830119
477819777	1000	101288	0.475264	0.524736	0.170876	0.829124
477819777	1000	101289	0.472627	0.527373	0.175132	0.824868
477819777	1000	101290	0.468812	0.531188	0.1764	0.8236
477819777	1000	101291	0.458561	0.541439	0.174857	0.825143
477819777	1000	101292	0.440821	0.559179	0.168124	0.831876
477819777	1000	101293	0.410932	0.589068	0.172161	0.827839
477819777	1000	101294	0.42055	0.57945	0.173162	0.826838
477819777	1000	101295	0.424218	0.575782	0.163607	0.836393
477819777	1000	101296	0.429759	0.570241	0.170643	0.829357
477819777	1000	101297	0.422434	0.577566	0.170555	0.829445
477819777	1000	101298	0.423558	0.576442	0.167791	0.832209
477819777	1000	101299	0.414634	0.585366	0.162734	0.837266
477819777	1000	101300	0.409498	0.590502	0.165775	0.834225
477819777	1000	101301	0.388603	0.611397	0.163769	0.836231
477819777	1000	101302	0.386263	0.613737	0.165941	0.834059
477819777	1000	101303	0.39521	0.60479	0.163527	0.836473
477819777	1000	101304	0.403823	0.596177	0.169144	0.830856
477819777	1000	101305	0.40065	0.59935	0.172115	0.827885
477819777	1000	101306	0.40726	0.59274	0.155636	0.844364
477819777	1000	101307	0.399054	0.600946	0.148133	0.851867
477819777	1000	101308	0.407072	0.592928	0.15109	0.84891
477819777	1000	101309	0.402997	0.597003	0.144212	0.855788
477819777	1000	101310	0.403135	0.596865	0.140127	0.859873
477819777	1000	101311	0.401302	0.598698	0.150216	0.849784
477819777	1000	101312	0.402624	0.597376	0.158141	0.841859
477819777	1000	101313	0.403405	0.596595	0.15481	0.84519
477819777	1000	101314	0.387021	0.612979	0.151925	0.848075
477819777	1000	101315	0.390916	0.609084	0.149566	0.850434
477819777	1000	101316	0.405717	0.594283	0.147118	0.852882
477819777	1000	101317	0.400078	0.599922	0.153909	0.846091
477819777	1000	101318	0.406457	0.593543	0.159056	0.840944
477819777	1000	101319	0.378049	0.621951	0.16378	0.83622
477819777	1000	101320	0.377559	0.622441	0.170325	0.829675
477819777	1000	101321	0.375	0.625	0.163493	0.836507
477819777	1000	101322	0.396083	0.603917	0.166133	0.833867
477819777	1000	101323	0.385425	0.614575	0.159289	0.840711
477819777	1000	101324	0.371325	0.628675	0.154946	0.845054
477819777	1000	101325	0.37185	0.62815	0.147873	0.852127
477819777	1000	101326	0.35604	0.64396	0.146263	0.853737
477819777	1000	101327	0.359838	0.640162	0.142801	0.857199
477819777	1000	101328	0.371657	0.628343	0.140681	0.859319
477819777	1000	101329	0.378518	0.621482	0.138474	0.861526
477819777	1000	101330	0.362992	0.637008	0.129268	0.870732
477819777	1000	101331	0.356428	0.643572	0.131043	0.868957
477819777	1000	101332	0.3496	0.6504	0.14	0.86
477819777	1000	101333	0.337931	0.662069	0.136489	0.863511
477819777	1000	101334	0.325749	0.674251	0.13507	0.86493
477819777	1000	101335	0.321858	0.678142	0.130166	0.869834
477819777	1000	101336	0.324346	0.675654	0.123041	0.876959
477819777	1000	101337	0.308982	0.691018	0.12024	0.87976
477819777	1000	101338	0.331286	0.668714	0.123925	0.876075
477819777	1000	101339	0.321647	0.678353	0.129172	0.870828
477819777	1000	101340	0.317189	0.682811	0.138654	0.861346
477819777	1000	101341	0.327049	0.672951	0.130469	0.869531
477819777	1000	101342	0.336834	0.663166	0.124743	0.875257
477819777	1000	101343	0.33119	0.66881	0.128185	0.871815
477819777	1000	101344	0.334649	0.665351	0.132603	0.867397
477819777	1000	101345	0.347895	0.652105	0.11805	0.88195
477819777	1000	101346	0.344883	0.655117	0.125496	0.874504
477819777	1000	101347	0.333985	0.666015	0.135898	0.864102
477819777	1000	101348	0.344534	0.655466	0.138735	0.861265
477819777	1000	101349	0.348346	0.651654	0.134484	0.865516
477819777	1000	101350	0.353472	0.646528	0.141167	0.858833
477819777	1000	101351	0.363636	0.636364	0.138218	0.861782
477819777	1000	101352	0.359076	0.640924	0.141881	0.858119
477819777	1000	101353	0.358536	0.641464	0.136711	0.863289
477819777	1000	101354	0.355591	0.644409	0.140543	0.859457
477819777	1000	101355	0.357085	0.642915	0.134041	0.865959
477819777	1000	101356	0.339496	0.660504	0.131408	0.868592
477819777	1000	101357	0.335592	0.664408	0.132878	0.867122
477819777	1000	101358	0.34072	0.65928	0.152446	0.847554
477819777	1000	101359	0.34846	0.65154	0.136256	0.863744
477819777	1000	101360	0.338394	0.661606	0.132159	0.867841
477819777	1000	101361	0.323248	0.676752	0.132235	0.867765
477819777	1000	101362	0.313368	0.686632	0.135135	0.864865
477819777	1000	101363	0.321371	0.678629	0.138492	0.861508
477819777	1000	101364	0.307723	0.692277	0.137145	0.862855
477819777	1000	101365	0.298189	0.701811	0.138767	0.861233
477819777	1000	101366	0.307881	0.692119	0.136417	0.863583
477819777	1000	101367	0.307566	0.692434	0.133178	0.866822
477819777	1000	101368	0.306931	0.693069	0.13697	0.86303
477819777	1000	101369	0.313883	0.686117	0.126441	0.873559
477819777	1000	101370	0.318145	0.681855	0.124206	0.875794
477819777	1000	101371	0.32396	0.67604	0.131717	0.868283
477819777	1000	101372	0.315074	0.684926	0.119126	0.880874
477819777	1000	101373	0.298331	0.701669	0.112466	0.887534
477819777	1000	101374	0.302805	0.697195	0.115295	0.884705
477819777	1000	101375	0.308711	0.691289	0.110801	0.889199
477819777	1000	101376	0.315372	0.684628	0.108643	0.891357
477819777	1000	101377	0.317505	0.682495	0.103777	0.896223
477819777	1000	101378	0.31737	0.68263	0.115142	0.884858
477819777	1000	101379	0.308068	0.691932	0.118225	0.881775
477819777	1000	101380	0.317217	0.682783	0.124593	0.875407
477819777	1000	101381	0.317694	0.682306	0.131992	0.868008
477819777	1000	101382	0.304931	0.695069	0.133063	0.866937
477819777	1000	101383	0.2984	0.7016	0.1336	0.8664
477819777	1000	101384	0.299757	0.700243	0.139241	0.860759
477819777	1000	101385	0.30895	0.69105	0.13396	0.86604
477819777	1000	101386	0.315134	0.684866	0.146672	0.853328
477819777	1000	101387	0.291399	0.708601	0.148885	0.851115
477819777	1000	101388	0.291483	0.708517	0.157263	0.842737
477819777	1000	101389	0.27963	0.72037	0.164875	0.835125
477819777	1000	101390	0.28675	0.71325	0.160906	0.839094
477819777	1000	101391	0.285268	0.714732	0.159361	0.840639
477819777	1000	101392	0.277189	0.722811	0.163881	0.836119
477819777	1000	101393	0.289013	0.710987	0.155547	0.844453
477819777	1000	101394	0.28888	0.71112	0.156086	0.843914
477819777	1000	101395	0.293629	0.706371	0.157299	0.842701
477819777	1000	101396	0.303701	0.696299	0.160302	0.839698
477819777	1000	101397	0.314911	0.685089	0.156137	0.843863
477819777	1000	101398	0.311339	0.688661	0.151883	0.848117
477819777	1000	101399	0.323058	0.676942	0.157874	0.842126
477819777	1000	101400	0.343409	0.656591	0.156608	0.843392
477819777	1000	101401	0.324551	0.675449	0.153507	0.846493
477819777	1000	101402	0.309553	0.690447	0.163998	0.836002
477819777	1000	101403	0.297383	0.702617	0.164649	0.835351
477819777	1000	101404	0.290829	0.709171	0.163484	0.836516
477819777	1000	101405	0.287384	0.712616	0.160778	0.839222
477819777	1000	101406	0.286566	0.713434	0.157407	0.842593
477819777	1000	101407	0.277074	0.722926	0.158637	0.841363
477819777	1000	101408	0.277375	0.722625	0.153418	0.846582
477819777	1000	101409	0.285658	0.714342	0.170593	0.829407
477819777	1000	101410	0.28391	0.71609	0.177603	0.822397
477819777	1000	101411	0.277244	0.722756	0.173722	0.826278
477819777	1000	101412	0.280255	0.719745	0.18127	0.81873
477819777	1000	101413	0.262843	0.737157	0.167939	0.832061
477819777	1000	101414	0.266263	0.733737	0.155248	0.844752
477819777	1000	101415	0.261905	0.738095	0.147502	0.852498
477819777	1000	101416	0.259992	0.740008	0.145168	0.854832
477819777	1000	101417	0.266298	0.733702	0.145808	0.854192
477819777	1000	101418	0.25231	0.74769	0.14536	0.85464
477819777	1000	101419	0.253392	0.746608	0.151965	0.848035
477819777	1000	101420	0.256713	0.743287	0.166798	0.833202
477819777	1000	101421	0.251849	0.748151	0.153157	0.846843
477819777	1000	101422	0.260524	0.739476	0.149476	0.850524
477819777	1000	101423	0.260182	0.739818	0.147713	0.852287
477819777	1000	101424	0.25421	0.74579	0.159218	0.840782
477819777	1000	101425	0.257935	0.742065	0.15691	0.84309
477819777	1000	101426	0.256327	0.743673	0.149804	0.850196
477819777	1000	101427	0.24901	0.75099	0.140663	0.859337
477819777	1000	101428	0.253521	0.746479	0.141918	0.858082
477819777	1000	101429	0.252874	0.747126	0.1522	0.8478
477819777	1000	101430	0.266152	0.733848	0.137062	0.862938
477819777	1000	101431	0.269307	0.730693	0.134545	0.865455
477819777	1000	101432	0.267516	0.732484	0.133039	0.866961
477819777	1000	101433	0.283594	0.716406	0.128041	0.871959
477819777	1000	101434	0.260547	0.739453	0.129508	0.870492
477819777	1000	101435	0.261396	0.738604	0.12852	0.87148
477819777	1000	101436	0.268021	0.731979	0.122137	0.877863
477819777	1000	101437	0.256616	0.743384	0.109737	0.890263
477819777	1000	101438	0.247373	0.752627	0.113618	0.886382
477819777	1000	101439	0.241323	0.758677	0.110153	0.889847
477819777	1000	101440	0.2372	0.7628	0.1176	0.8824
477819777	1000	101441	0.227473	0.772527	0.114263	0.885737
477819777	1000	101442	0.220466	0.779534	0.111381	0.888619
477819777	1000	101443	0.222222	0.777778	0.117671	0.882329
477819777	1000	101444	0.218066	0.781934	0.12304	0.87696
477819777	1000	101445	0.21799	0.78201	0.121248	0.878752
477819777	1000	101446	0.20835	0.79165	0.127939	0.872061
477819777	1000	101447	0.204709	0.795291	0.13753	0.86247
477819777	1000	101448	0.202741	0.797259	0.132195	0.867805
477819777	1000	101449	0.192682	0.807318	0.124229	0.875771
477819777	1000	101450	0.181284	0.818716	0.121832	0.878168
477819777	1000	101451	0.176683	0.823317	0.121805	0.878195
477819777	1000	101452	0.185663	0.814337	0.121176	0.878824
477819777	1000	101453	0.185559	0.814441	0.1217	0.8783
477819777	1000	101454	0.197521	0.802479	0.119648	0.880352
477819777	1000	101455	0.201876	0.798124	0.110283	0.889717
477819777	1000	101456	0.198567	0.801433	0.114998	0.885002
477819777	1000	101457	0.196429	0.803571	0.115323	0.884677
477819777	1000	101458	0.196557	0.803443	0.116707	0.883293
477819777	1000	101459	0.209516	0.790484	0.108443	0.891557
477819777	1000	101460	0.206387	0.793613	0.10501	0.89499
477819777	1000	101461	0.196982	0.803018	0.117347	0.882653
477819777	1000	101462	0.203168	0.796832	0.112727	0.887273
477819777	1000	101463	0.199359	0.800641	0.118305	0.881695
477819777	1000	101464	0.192399	0.807601	0.123686	0.876314
477819777	1000	101465	0.191373	0.808627	0.124898	0.875102
477819777	1000	101466	0.18695	0.81305	0.119504	0.880496
477819777	1000	101467	0.189338	0.810662	0.113924	0.886076
477819777	1000	101468	0.197155	0.802845	0.111786	0.888214
477819777	1000	101469	0.196806	0.803194	0.111022	0.888978
477819777	1000	101470	0.205468	0.794532	0.112614	0.887386
477819777	1000	101471	0.218391	0.781609	0.114251	0.885749
477819777	1000	101472	0.225534	0.774466	0.112833	0.887167
477819777	1000	101473	0.228028	0.771972	0.106677	0.893323
477819777	1000	101474	0.227218	0.772782	0.104142	0.895858
477819777	1000	101475	0.246002	0.753998	0.105818	0.894182
477819777	1000	101476	0.242375	0.757625	0.103896	0.896104
477819777	1000	101477	0.244741	0.755259	0.107595	0.892405
477819777	1000	101478	0.230284	0.769716	0.100649	0.899351
477819777	1000	101479	0.23189	0.76811	0.101621	0.898379
477819777	1000	101480	0.234059	0.765941	0.106667	0.893333
477819777	1000	101481	0.232671	0.767329	0.11133	0.88867
477819777	1000	101482	0.232201	0.767799	0.120649	0.879351
477819777	1000	101483	0.234966	0.765034	0.128967	0.871033
477819777	1000	101484	0.225091	0.774909	0.134074	0.865926
477819777	1000	101485	0.234845	0.765155	0.135114	0.864886
477819777	1000	101486	0.236089	0.763911	0.12963	0.87037
477819777	1000	101487	0.241365	0.758635	0.128397	0.871603
477819777	1000	101488	0.245466	0.754534	0.125447	0.874553
477819777	1000	101489	0.253543	0.746457	0.121951	0.878049
477819777	1000	101490	0.250602	0.749398	0.124701	0.875299
477819777	1000	101491	0.260835	0.739165	0.128788	0.871212
477819777	1000	101492	0.250499	0.749501	0.131358	0.868642
477819777	1000	101493	0.246057	0.753943	0.135146	0.864854
477819777	1000	101494	0.252496	0.747504	0.142912	0.857088
477819777	1000	101495	0.251107	0.748893	0.154274	0.845726
477819777	1000	101496	0.254754	0.745246	0.155897	0.844103
477819777	1000	101497	0.247156	0.752844	0.143615	0.856385
477819777	1000	101498	0.254839	0.745161	0.139683	0.860317
477819777	1000	101499	0.250196	0.749804	0.149388	0.850612
477819777	1000	101500	0.261422	0.738578	0.149416	0.850584
477819777	1000	101501	0.260132	0.739868	0.145624	0.854376
477819777	1000	101502	0.273469	0.726531	0.139216	0.860784
477819777	1000	101503	0.2917	0.7083	0.131454	0.868546
477819777	1000	101504	0.302674	0.697326	0.134676	0.865324
477819777	1000	101505	0.31255	0.68745	0.131749	0.868251
477819777	1000	101506	0.311978	0.688022	0.134298	0.865702
477819777	1000	101507	0.315874	0.684126	0.12445	0.87555
477819777	1000	101508	0.287977	0.712023	0.122143	0.877857
477819777	1000	101509	0.282626	0.717374	0.135092	0.864908
477819777	1000	101510	0.269292	0.730708	0.123492	0.876508
477819777	1000	101511	0.276241	0.723759	0.13926	0.86074
477819777	1000	101512	0.282418	0.717582	0.135961	0.864039
477819777	1000	101513	0.284036	0.715964	0.135071	0.864929
477819777	1000	101514	0.283346	0.716654	0.132603	0.867397
477819777	1000	101515	0.272397	0.727603	0.148295	0.851705
477819777	1000	101516	0.263961	0.736039	0.133015	0.866985
477819777	1000	101517	0.269184	0.730816	0.124652	0.875348
477819777	1000	101518	0.283118	0.716882	0.140254	0.859746
477819777	1000	101519	0.275819	0.724181	0.137505	0.862495
477819777	1000	101520	0.283161	0.716839	0.137389	0.862611
477819777	1000	101521	0.267857	0.732143	0.142744	0.857256
477819777	1000	101522	0.261569	0.738431	0.135189	0.864811
477819777	1000	101523	0.271315	0.728685	0.134538	0.865462
477819777	1000	101524	0.283751	0.716249	0.135788	0.864212
477819777	1000	101525	0.285714	0.714286	0.127105	0.872895
477819777	1000	101526	0.297647	0.702353	0.124082	0.875918
477819777	1000	101527	0.297889	0.702111	0.119165	0.880835
477819777	1000	101528	0.290987	0.709013	0.123248	0.876752
477819777	1000	101529	0.296486	0.703514	0.120389	0.879611
477819777	1000	101530	0.316461	0.683539	0.121061	0.878939
477819777	1000	101531	0.311731	0.688269	0.118267	0.881733
477819777	1000	101532	0.303006	0.696994	0.122573	0.877427
477819777	1000	101533	0.302079	0.697921	0.118963	0.881037
477819777	1000	101534	0.303151	0.696849	0.113919	0.886081
477819777	1000	101535	0.30036	0.69964	0.111866	0.888134
477819777	1000	101536	0.312019	0.687981	0.116647	0.883353
477819777	1000	101537	0.310784	0.689216	0.119019	0.880981
477819777	1000	101538	0.320404	0.679596	0.125941	0.874059
477819777	1000	101539	0.321241	0.678759	0.123462	0.876538
477819777	1000	101540	0.327398	0.672602	0.136022	0.863978
477819777	1000	101541	0.332666	0.667334	0.141886	0.858114
477819777	1000	101542	0.342105	0.657895	0.146245	0.853755
477819777	1000	101543	0.34159	0.65841	0.138967	0.861033
477819777	1000	101544	0.341687	0.658313	0.143202	0.856798
477819777	1000	101545	0.344869	0.655131	0.145213	0.854787
477819777	1000	101546	0.339377	0.660623	0.133171	0.866829
477819777	1000	101547	0.335709	0.664291	0.147939	0.852061
477819777	1000	101548	0.323843	0.676157	0.145285	0.854715
477819777	1000	101549	0.330879	0.669121	0.145205	0.854795
477819777	1000	101550	0.337993	0.662007	0.142134	0.857866
477819777	1000	101551	0.338672	0.661328	0.142213	0.857787
477819777	1000	101552	0.356214	0.643786	0.143814	0.856186
477819777	1000	101553	0.345995	0.654005	0.139255	0.860745
477819777	1000	101554	0.348157	0.651843	0.142971	0.857029
477819777	1000	101555	0.342633	0.657367	0.156823	0.843177
477819777	1000	101556	0.343864	0.656136	0.148953	0.851047
477819777	1000	101557	0.344423	0.655577	0.134969	0.865031
477819777	1000	101558	0.347327	0.652673	0.12404	0.87596
477819777	1000	101559	0.341617	0.658383	0.127383	0.872617
477819777	1000	101560	0.342674	0.657326	0.118305	0.881695
477819777	1000	101561	0.345783	0.654217	0.107968	0.892032
477819777	1000	101562	0.336661	0.663339	0.108173	0.891827
477819777	1000	101563	0.326278	0.673722	0.114183	0.885817
477819777	1000	101564	0.316795	0.683205	0.119638	0.880362
477819777	1000	101565	0.324722	0.675278	0.121578	0.878422
477819777	1000	101566	0.334399	0.665601	0.109331	0.890669
477819777	1000	101567	0.329104	0.670896	0.114196	0.885804
477819777	1000	101568	0.334795	0.665205	0.126054	0.873946
477819777	1000	101569	0.352404	0.647596	0.124446	0.875554
477819777	1000	101570	0.361436	0.638564	0.1309	0.8691
477819777	1000	101571	0.362196	0.637804	0.12184	0.87816
477819777	1000	101572	0.39218	0.60782	0.123582	0.876418
477819777	1000	101573	0.403405	0.596595	0.120049	0.879951
477819777	1000	101574	0.411261	0.588739	0.120439	0.879561
477819777	1000	101575	0.406553	0.593447	0.124604	0.875396
477819777	1000	101576	0.391519	0.608481	0.110852	0.889148
477819777	1000	101577	0.379823	0.620177	0.119029	0.880971
477819777	1000	101578	0.398237	0.601763	0.115016	0.884984
477819777	1000	101579	0.39791	0.60209	0.119427	0.880573
477819777	1000	101580	0.396332	0.603668	0.122793	0.877207
477819777	1000	101581	0.392126	0.607874	0.120325	0.879675
477819777	1000	101582	0.389346	0.610654	0.114426	0.885574
477819777	1000	101583	0.390563	0.609437	0.108152	0.891848
477819777	1000	101584	0.389857	0.610143	0.114297	0.885703
477819777	1000	101585	0.38907	0.61093	0.101256	0.898744
477819777	1000	101586	0.386725	0.613275	0.100242	0.899758
477819777	1000	101587	0.375657	0.624343	0.0973486	0.902651
477819777	1000	101588	0.367802	0.632198	0.0998421	0.900158
477819777	1000	101589	0.361111	0.638889	0.100556	0.899444
477819777	1000	101590	0.367243	0.632757	0.103912	0.896088
477819777	1000	101591	0.358687	0.641313	0.11271	0.88729
477819777	1000	101592	0.352214	0.647786	0.11793	0.88207
477819777	1000	101593	0.350142	0.649858	0.127902	0.872098
477819777	1000	101594	0.35387	0.64613	0.125203	0.874797
477819777	1000	101595	0.337539	0.662461	0.129464	0.870536
477819777	1000	101596	0.329972	0.670028	0.1309	0.8691
477819777	1000	101597	0.336576	0.663424	0.137449	0.862551
477819777	1000	101598	0.338626	0.661374	0.130996	0.869004
477819777	1000	101599	0.330797	0.669203	0.120655	0.879345
477819777	1000	101600	0.326764	0.673236	0.122615	0.877385
477819777	1000	101601	0.332804	0.667196	0.121273	0.878727
477819777	1000	101602	0.341227	0.658773	0.118399	0.881601
477819777	1000	101603	0.337278	0.662722	0.109533	0.890467
477819777	1000	101604	0.349143	0.650857	0.103171	0.896829
477819777	1000	101605	0.363636	0.636364	0.101124	0.898876
477819777	1000	101606	0.380048	0.619952	0.102264	0.897736
477819777	1000	101607	0.380287	0.619713	0.0935673	0.906433
477819777	1000	101608	0.375704	0.624296	0.0950676	0.904932
477819777	1000	101609	0.377823	0.622177	0.0944444	0.905556
477819777	1000	101610	0.383925	0.616075	0.0945469	0.905453
477819777	1000	101611	0.394915	0.605085	0.0946436	0.905356
477819777	1000	101612	0.385621	0.614379	0.0975705	0.902429
477819777	1000	101613	0.381489	0.618511	0.107753	0.892247
477819777	1000	101614	0.385317	0.614683	0.100806	0.899194
477819777	1000	101615	0.37226	0.62774	0.105982	0.894018
477819777	1000	101616	0.374801	0.625199	0.112319	0.887681
477819777	1000	101617	0.377679	0.622321	0.115156	0.884844
477819777	1000	101618	0.371485	0.628515	0.109091	0.890909
477819777	1000	101619	0.35342	0.64658	0.106525	0.893475
477819777	1000	101620	0.361145	0.638855	0.100437	0.899563
477819777	1000	101621	0.337311	0.662689	0.0917136	0.908286
477819777	1000	101622	0.350821	0.649179	0.0994806	0.900519
477819777	1000	101623	0.354047	0.645953	0.105717	0.894283
477819777	1000	101624	0.36794	0.63206	0.116251	0.883749
477819777	1000	101625	0.368274	0.631726	0.124047	0.875953
477819777	1000	101626	0.356175	0.643825	0.120884	0.879116
477819777	1000	101627	0.362475	0.637525	0.123447	0.876553
477819777	1000	101628	0.350351	0.649649	0.114215	0.885785
477819777	1000	101629	0.338253	0.661747	0.120266	0.879734
477819777	1000	101630	0.347114	0.652886	0.125616	0.874384
477819777	1000	101631	0.337693	0.662307	0.115059	0.884941
477819777	1000	101632	0.354567	0.645433	0.102636	0.897364
477819777	1000	101633	0.367884	0.632116	0.0970241	0.902976
477819777	1000	101634	0.373456	0.626544	0.0887194	0.911281
477819777	1000	101635	0.352727	0.647273	0.0906931	0.909307
477819777	1000	101636	0.359695	0.640305	0.0920686	0.907931
477819777	1000	101637	0.361643	0.638357	0.0987159	0.901284
477819777	1000	101638	0.35014	0.64986	0.0911635	0.908836
477819777	1000	101639	0.347512	0.652488	0.0885167	0.911483
477819777	1000	101640	0.341554	0.658446	0.0954422	0.904558
477819777	1000	101641	0.329499	0.670501	0.0989867	0.901013
477819777	1000	101642	0.320871	0.679129	0.0974279	0.902572
477819777	1000	101643	0.312992	0.687008	0.0869919	0.913008
477819777	1000	101644	0.302071	0.697929	0.0843916	0.915608
477819777	1000	101645	0.293221	0.706779	0.0913442	0.908656
477819777	1000	101646	0.279609	0.720391	0.0817932	0.918207
477819777	1000	101647	0.273511	0.726489	0.0779727	0.922027
477819777	1000	101648	0.292369	0.707631	0.0737052	0.926295
477819777	1000	101649	0.294277	0.705723	0.0737365	0.926263
477819777	1000	101650	0.300199	0.699801	0.0684105	0.93159
477819777	1000	101651	0.303933	0.696067	0.0797422	0.920258
477819777	1000	101652	0.29849	0.70151	0.0877617	0.912238
477819777	1000	101653	0.31002	0.68998	0.090411	0.909589
477819777	1000	101654	0.314939	0.685061	0.100284	0.899716
477819777	1000	101655	0.318893	0.681107	0.105704	0.894296
477819777	1000	101656	0.325301	0.674699	0.0960033	0.903997
477819777	1000	101657	0.30716	0.69284	0.0952006	0.904799
477819777	1000	101658	0.313535	0.686465	0.0926733	0.907327
477819777	1000	101659	0.322698	0.677302	0.0938986	0.906101
477819777	1000	101660	0.328762	0.671238	0.106704	0.893296
477819777	1000	101661	0.324776	0.675224	0.113119	0.886881
477819777	1000	101662	0.312424	0.687576	0.116306	0.883694
477819777	1000	101663	0.323192	0.676808	0.118267	0.881733
477819777	1000	101664	0.309904	0.690096	0.117788	0.882212
477819777	1000	101665	0.307662	0.692338	0.127368	0.872632
477819777	1000	101666	0.297581	0.702419	0.121032	0.878968
477819777	1000	101667	0.29022	0.70978	0.11022	0.88978
477819777	1000	101668	0.279531	0.720469	0.114715	0.885285
477819777	1000	101669	0.276225	0.723775	0.115765	0.884235
477819777	1000	101670	0.268551	0.731449	0.114961	0.885039
477819777	1000	101671	0.277167	0.722833	0.119151	0.880849
477819777	1000	101672	0.274239	0.725761	0.125444	0.874556
477819777	1000	101673	0.267261	0.732739	0.108588	0.891412
477819777	1000	101674	0.275049	0.724951	0.113238	0.886762
477819777	1000	101675	0.27258	0.72742	0.11774	0.88226
477819777	1000	101676	0.284483	0.715517	0.113154	0.886846
477819777	1000	101677	0.289338	0.710662	0.116673	0.883327
477819777	1000	101678	0.296888	0.703112	0.118061	0.881939
477819777	1000	101679	0.321586	0.678414	0.11706	0.88294
477819777	1000	101680	0.317978	0.682022	0.113859	0.886141
477819777	1000	101681	0.322379	0.677621	0.114566	0.885434
477819777	1000	101682	0.330484	0.669516	0.111679	0.888321
477819777	1000	101683	0.319345	0.680655	0.111289	0.888711
477819777	1000	101684	0.314205	0.685795	0.115231	0.884769
477819777	1000	101685	0.313457	0.686543	0.113582	0.886418
477819777	1000	101686	0.315936	0.684064	0.101606	0.898394
477819777	1000	101687	0.326847	0.673153	0.0979049	0.902095
477819777	1000	101688	0.315706	0.684294	0.109489	0.890511
477819777	1000	101689	0.316575	0.683425	0.105949	0.894051
477819777	1000	101690	0.316867	0.683133	0.106375	0.893625
477819777	1000	101691	0.314552	0.685448	0.107777	0.892223
477819777	1000	101692	0.322879	0.677121	0.108237	0.891763
477819777	1000	101693	0.335605	0.664395	0.0981644	0.901836
477819777	1000	101694	0.340331	0.659669	0.0955212	0.904479
477819777	1000	101695	0.352941	0.647059	0.0848579	0.915142
477819777	1000	101696	0.358954	0.641046	0.0880452	0.911955
477819777	1000	101697	0.354217	0.645783	0.0792829	0.920717
477819777	1000	101698	0.362195	0.637805	0.0787402	0.92126
477819777	1000	101699	0.352533	0.647467	0.0775862	0.922414
477819777	1000	101700	0.352636	0.647364	0.0709135	0.929087
477819777	1000	101701	0.35835	0.64165	0.0806517	0.919348
477819777	1000	101702	0.3594	0.6406	0.0853081	0.914692
477819777	1000	101703	0.346169	0.653831	0.0818737	0.918126
477819777	1000	101704	0.323278	0.676722	0.087554	0.912446
477819777	1000	101705	0.338006	0.661994	0.096684	0.903316
477819777	1000	101706	0.336305	0.663695	0.0853081	0.914692
477819777	1000	101707	0.347234	0.652766	0.0849496	0.91505
477819777	1000	101708	0.339564	0.660436	0.0884046	0.911595
477819777	1000	101709	0.332265	0.667735	0.0922156	0.907784
477819777	1000	101710	0.317093	0.682907	0.0855341	0.914466
477819777	1000	101711	0.306222	0.693778	0.0873672	0.912633
477819777	1000	101712	0.29497	0.70503	0.0838966	0.916103
477819777	1000	101713	0.299054	0.700946	0.0889521	0.911048
477819777	1000	101714	0.28654	0.71346	0.0880528	0.911947
477819777	1000	101715	0.26626	0.73374	0.088189	0.911811
477819777	1000	101716	0.273447	0.726553	0.0905782	0.909422
477819777	1000	101717	0.274628	0.725372	0.0891365	0.910864
477819777	1000	101718	0.279483	0.720517	0.0903328	0.909667
477819777	1000	101719	0.269841	0.730159	0.0850806	0.914919
477819777	1000	101720	0.263934	0.736066	0.0863281	0.913672
477819777	1000	101721	0.258885	0.741115	0.0796355	0.920365
477819777	1000	101722	0.260031	0.739969	0.0707893	0.929211
477819777	1000	101723	0.252906	0.747094	0.0678643	0.932136
477819777	1000	101724	0.25974	0.74026	0.0666938	0.933306
477819777	1000	101725	0.259976	0.740024	0.0595474	0.940453
477819777	1000	101726	0.27362	0.72638	0.0645793	0.935421
477819777	1000	101727	0.268881	0.731119	0.0752732	0.924727
477819777	1000	101728	0.255159	0.744841	0.0754032	0.924597
477819777	1000	101729	0.261686	0.738314	0.0788947	0.921105
477819777	1000	101730	0.26087	0.73913	0.0716818	0.928318
477819777	1000	101731	0.262943	0.737057	0.0683157	0.931684
477819777	1000	101732	0.27116	0.72884	0.0714869	0.928513
477819777	1000	101733	0.285203	0.714797	0.0711987	0.928801
477819777	1000	101734	0.273581	0.726419	0.0717366	0.928263
477819777	1000	101735	0.276786	0.723214	0.067429	0.932571
477819777	1000	101736	0.265154	0.734846	0.0646746	0.935325
477819777	1000	101737	0.255615	0.744385	0.0689926	0.931007
477819777	1000	101738	0.251563	0.748437	0.0659836	0.934016
477819777	1000	101739	0.248514	0.751486	0.0702463	0.929754
477819777	1000	101740	0.265347	0.734653	0.0760697	0.92393
477819777	1000	101741	0.262205	0.737795	0.0719512	0.928049
477819777	1000	101742	0.262231	0.737769	0.0650307	0.934969
477819777	1000	101743	0.253837	0.746163	0.0666938	0.933306
477819777	1000	101744	0.242629	0.757371	0.0586345	0.941365
477819777	1000	101745	0.235105	0.764895	0.0616057	0.938394
477819777	1000	101746	0.240175	0.759825	0.0592503	0.94075
477819777	1000	101747	0.223157	0.776843	0.0591054	0.940895
477819777	1000	101748	0.232745	0.767255	0.0458533	0.954147
477819777	1000	101749	0.228231	0.771769	0.0450704	0.95493
477819777	1000	101750	0.221645	0.778355	0.046875	0.953125
477819777	1000	101751	0.222579	0.777421	0.0457985	0.954202
477819777	1000	101752	0.224603	0.775397	0.0580645	0.941935
477819777	1000	101753	0.209562	0.790438	0.0554217	0.944578
477819777	1000	101754	0.19888	0.80112	0.0535786	0.946421
477819777	1000	101755	0.193663	0.806337	0.0541414	0.945859
477819777	1000	101756	0.184874	0.815126	0.0507797	0.94922
477819777	1000	101757	0.182685	0.817315	0.0471394	0.952861
477819777	1000	101758	0.193445	0.806555	0.05004	0.94996
477819777	1000	101759	0.207981	0.792019	0.0492259	0.950774
477819777	1000	101760	0.193205	0.806795	0.0492765	0.950724
477819777	1000	101761	0.200645	0.799355	0.0444797	0.95552
477819777	1000	101762	0.205596	0.794404	0.047356	0.952644
477819777	1000	101763	0.20712	0.79288	0.0415348	0.958465
477819777	1000	101764	0.205705	0.794295	0.0378335	0.962166
477819777	1000	101765	0.212073	0.787927	0.0410959	0.958904
477819777	1000	101766	0.208517	0.791483	0.0394265	0.960573
477819777	1000	101767	0.202439	0.797561	0.0437008	0.956299
477819777	1000	101768	0.213533	0.786467	0.0513428	0.948657
477819777	1000	101769	0.206731	0.793269	0.0467252	0.953275
477819777	1000	101770	0.198644	0.801356	0.048937	0.951063
477819777	1000	101771	0.193935	0.806065	0.0493184	0.950682
477819777	1000	101772	0.19107	0.80893	0.0485282	0.951472
477819777	1000	101773	0.189793	0.810207	0.0577849	0.942215
477819777	1000	101774	0.202119	0.797881	0.0615824	0.938418
477819777	1000	101775	0.202157	0.797843	0.0592711	0.940729
477819777	1000	101776	0.2035	0.7965	0.0562328	0.943767
477819777	1000	101777	0.2008	0.7992	0.0512	0.9488
477819777	1000	101778	0.191593	0.808407	0.0542359	0.945764
477819777	1000	101779	0.184937	0.815063	0.0551948	0.944805
477819777	1000	101780	0.175258	0.824742	0.0540759	0.945924
477819777	1000	101781	0.176963	0.823037	0.0517864	0.948214
477819777	1000	101782	0.171949	0.828051	0.0436187	0.956381
477819777	1000	101783	0.168265	0.831735	0.0424339	0.957566
477819777	1000	101784	0.188938	0.811062	0.0360682	0.963932
477819777	1000	101785	0.194089	0.805911	0.0328526	0.967147
477819777	1000	101786	0.195765	0.804235	0.0368442	0.963156
477819777	1000	101787	0.192737	0.807263	0.0372895	0.962711
477819777	1000	101788	0.196276	0.803724	0.031379	0.968621
477819777	1000	101789	0.17525	0.82475	0.0340681	0.965932
477819777	1000	101790	0.193801	0.806199	0.0314157	0.968584
477819777	1000	101791	0.189787	0.810213	0.0278552	0.972145
477819777	1000	101792	0.19364	0.80636	0.0310169	0.968983
477819777	1000	101793	0.200161	0.799839	0.0325139	0.967486
477819777	1000	101794	0.197896	0.802104	0.0351918	0.964808
477819777	1000	101795	0.200482	0.799518	0.041816	0.958184
477819777	1000	101796	0.192415	0.807585	0.0412826	0.958717
477819777	1000	101797	0.205562	0.794438	0.0357285	0.964272
477819777	1000	101798	0.208548	0.791452	0.0311363	0.968864
477819777	1000	101799	0.203911	0.796089	0.0360866	0.963913
477819777	1000	101800	0.207084	0.792916	0.0300288	0.969971
477819777	1000	101801	0.197327	0.802673	0.0252443	0.974756
477819777	1000	101802	0.197309	0.802691	0.0243424	0.975658
477819777	1000	101803	0.199598	0.800402	0.0254473	0.974553
477819777	1000	101804	0.206128	0.793872	0.0261359	0.973864
477819777	1000	101805	0.207593	0.792407	0.026149	0.973851
477819777	1000	101806	0.211705	0.788295	0.0313773	0.968623
477819777	1000	101807	0.209901	0.790099	0.0355556	0.964444
477819777	1000	101808	0.215562	0.784438	0.0350665	0.964933
477819777	1000	101809	0.213861	0.786139	0.0416162	0.958384
477819777	1000	101810	0.222449	0.777551	0.0458824	0.954118
477819777	1000	101811	0.225318	0.774682	0.0413987	0.958601
477819777	1000	101812	0.225051	0.774949	0.0344554	0.965545
477819777	1000	101813	0.227363	0.772637	0.0328921	0.967108
477819777	1000	101814	0.227219	0.772781	0.0296146	0.970385
477819777	1000	101815	0.223684	0.776316	0.0308989	0.969101
477819777	1000	101816	0.210191	0.789809	0.0317524	0.968248
477819777	1000	101817	0.19814	0.80186	0.0253265	0.974674
477819777	1000	101818	0.193136	0.806864	0.0256616	0.974338
477819777	1000	101819	0.182731	0.817269	0.023506	0.976494
477819777	1000	101820	0.183099	0.816901	0.0258449	0.974155
477819777	1000	101821	0.183401	0.816599	0.0233202	0.97668
477819777	1000	101822	0.175714	0.824286	0.0183048	0.981695
477819777	1000	101823	0.162689	0.837311	0.0176991	0.982301
477819777	1000	101824	0.165819	0.834181	0.017192	0.982808
477819777	1000	101825	0.164323	0.835677	0.0191159	0.980884
477819777	1000	101826	0.169458	0.830542	0.0188604	0.98114
477819777	1000	101827	0.162763	0.837237	0.020206	0.979794
477819777	1000	101828	0.168246	0.831754	0.023906	0.976094
477819777	1000	101829	0.170455	0.829545	0.0224763	0.977524
477819777	1000	101830	0.174831	0.825169	0.0229008	0.977099
477819777	1000	101831	0.185972	0.814028	0.0295409	0.970459
477819777	1000	101832	0.188792	0.811208	0.0253623	0.974638
477819777	1000	101833	0.195073	0.804927	0.0273376	0.972662
477819777	1000	101834	0.197628	0.802372	0.0251012	0.974899
477819777	1000	101835	0.195102	0.804898	0.0235153	0.976485
477819777	1000	101836	0.188452	0.811548	0.0255387	0.974461
477819777	1000	101837	0.188203	0.811797	0.0301279	0.969872
477819777	1000	101838	0.204114	0.795886	0.0299353	0.970065
477819777	1000	101839	0.201912	0.798088	0.0325432	0.967457
477819777	1000	101840	0.200474	0.799526	0.0335896	0.96641
477819777	1000	101841	0.215632	0.784368	0.0313773	0.968623
477819777	1000	101842	0.21966	0.78034	0.0379747	0.962025
477819777	1000	101843	0.22956	0.77044	0.0374593	0.962541
477819777	1000	101844	0.229824	0.770176	0.0414224	0.958578
477819777	1000	101845	0.228343	0.771657	0.040481	0.959519
477819777	1000	101846	0.223261	0.776739	0.0448642	0.955136
477819777	1000	101847	0.225612	0.774388	0.048625	0.951375
477819777	1000	101848	0.227219	0.772781	0.0535497	0.94645
477819777	1000	101849	0.22503	0.77497	0.0445886	0.955411
477819777	1000	101850	0.218898	0.781102	0.0386179	0.961382
477819777	1000	101851	0.212903	0.787097	0.0424603	0.95754
477819777	1000	101852	0.217079	0.782921	0.0417001	0.9583
477819777	1000	101853	0.220202	0.779798	0.0411881	0.958812
477819777	1000	101854	0.232669	0.767331	0.0413655	0.958635
477819777	1000	101855	0.246909	0.753091	0.0377056	0.962294
477819777	1000	101856	0.236905	0.763095	0.0423387	0.957661
477819777	1000	101857	0.244224	0.755776	0.0446429	0.955357
477819777	1000	101858	0.240062	0.759938	0.0447823	0.955218
477819777	1000	101859	0.226829	0.773171	0.038189	0.961811
477819777	1000	101860	0.225	0.775	0.0455645	0.954435
477819777	1000	101861	0.219847	0.780153	0.0479968	0.952003
477819777	1000	101862	0.223529	0.776471	0.0410256	0.958974
477819777	1000	101863	0.221474	0.778526	0.0387722	0.961228
477819777	1000	101864	0.223459	0.776541	0.0338028	0.966197
477819777	1000	101865	0.226484	0.773516	0.0289338	0.971066
477819777	1000	101866	0.231144	0.768856	0.0276243	0.972376
477819777	1000	101867	0.242084	0.757916	0.0247505	0.97525
477819777	1000	101868	0.2457	0.7543	0.022674	0.977326
477819777	1000	101869	0.254305	0.745695	0.0235717	0.976428
477819777	1000	101870	0.254039	0.745961	0.0249604	0.97504
477819777	1000	101871	0.258038	0.741962	0.0287063	0.971294
477819777	1000	101872	0.257654	0.742346	0.0265594	0.973441
477819777	1000	101873	0.244163	0.755837	0.0335625	0.966438
477819777	1000	101874	0.252814	0.747186	0.0306529	0.969347
477819777	1000	101875	0.2533	0.7467	0.0279503	0.97205
477819777	1000	101876	0.252241	0.747759	0.029458	0.970542
477819777	1000	101877	0.262342	0.737658	0.029031	0.970969
477819777	1000	101878	0.262719	0.737281	0.0301932	0.969807
477819777	1000	101879	0.260334	0.739666	0.0293881	0.970612
477819777	1000	101880	0.267188	0.732812	0.0260599	0.97394
477819777	1000	101881	0.257223	0.742777	0.0271132	0.972887
477819777	1000	101882	0.254848	0.745152	0.0307319	0.969268
477819777	1000	101883	0.25199	0.74801	0.0293408	0.970659
477819777	1000	101884	0.250305	0.749695	0.0334251	0.966575
477819777	1000	101885	0.247964	0.752036	0.0334119	0.966588
477819777	1000	101886	0.249696	0.750304	0.0304468	0.969553
477819777	1000	101887	0.245179	0.754821	0.0300935	0.969906
477819777	1000	101888	0.232632	0.767368	0.025796	0.974204
477819777	1000	101889	0.219902	0.780098	0.0289289	0.971071
477819777	1000	101890	0.213174	0.786826	0.0344689	0.965531
477819777	1000	101891	0.21727	0.78273	0.0305589	0.969441
477819777	1000	101892	0.218006	0.781994	0.0265557	0.973444
477819777	1000	101893	0.223647	0.776353	0.0315369	0.968463
477819777	1000	101894	0.230739	0.769261	0.0320641	0.967936
477819777	1000	101895	0.221479	0.778521	0.0284784	0.971522
477819777	1000	101896	0.239368	0.760632	0.0304228	0.969577
477819777	1000	101897	0.235557	0.764443	0.0267506	0.973249
477819777	1000	101898	0.247244	0.752756	0.0325203	0.96748
477819777	1000	101899	0.259455	0.740545	0.0314837	0.968516
477819777	1000	101900	0.253975	0.746025	0.0321947	0.967805
477819777	1000	101901	0.262993	0.737007	0.0335928	0.966407
477819777	1000	101902	0.235648	0.764352	0.030291	0.969709
477819777	1000	101903	0.242015	0.757985	0.0308835	0.969116
477819777	1000	101904	0.255616	0.744384	0.0359801	0.96402
477819777	1000	101905	0.24412	0.75588	0.0339384	0.966062
477819777	1000	101906	0.249799	0.750201	0.0337569	0.966243
477819777	1000	101907	0.252818	0.747182	0.0353736	0.964626
477819777	1000	101908	0.245736	0.754264	0.0392562	0.960744
477819777	1000	101909	0.247092	0.752908	0.0343039	0.965696
477819777	1000	101910	0.263732	0.736268	0.0328843	0.967116
477819777	1000	101911	0.270588	0.729412	0.0387755	0.961224
477819777	1000	101912	0.268174	0.731826	0.0380349	0.961965
477819777	1000	101913	0.26409	0.73591	0.0385533	0.961447
477819777	1000	101914	0.272196	0.727804	0.0402961	0.959704
477819777	1000	101915	0.271961	0.728039	0.0398883	0.960112
477819777	1000	101916	0.280631	0.719369	0.0435299	0.95647
477819777	1000	101917	0.276159	0.723841	0.0472103	0.95279
477819777	1000	101918	0.273235	0.726765	0.0517449	0.948255
477819777	1000	101919	0.275305	0.724695	0.0507924	0.949208
477819777	1000	101920	0.275754	0.724246	0.0580302	0.94197
477819777	1000	101921	0.269075	0.730925	0.0536278	0.946372
477819777	1000	101922	0.260818	0.739182	0.0487707	0.951229
477819777	1000	101923	0.272136	0.727864	0.0460993	0.953901
477819777	1000	101924	0.263009	0.736991	0.0468068	0.953193
477819777	1000	101925	0.271132	0.728868	0.0481541	0.951846
477819777	1000	101926	0.266693	0.733307	0.0512505	0.948749
477819777	1000	101927	0.258517	0.741483	0.0530938	0.946906
477819777	1000	101928	0.257414	0.742586	0.0558478	0.944152
477819777	1000	101929	0.25	0.75	0.0570523	0.942948
477819777	1000	101930	0.258197	0.741803	0.05625	0.94375
477819777	1000	101931	0.272245	0.727755	0.0611765	0.938824
477819777	1000	101932	0.273425	0.726575	0.0629952	0.937005
477819777	1000	101933	0.2684	0.7316	0.0664	0.9336
477819777	1000	101934	0.277622	0.722378	0.0625249	0.937475
477819777	1000	101935	0.279795	0.720205	0.0604217	0.939578
477819777	1000	101936	0.289031	0.710969	0.0631495	0.936851
477819777	1000	101937	0.297915	0.702085	0.0594573	0.940543
477819777	1000	101938	0.306604	0.693396	0.0549674	0.945033
477819777	1000	101939	0.295181	0.704819	0.0541833	0.945817
477819777	1000	101940	0.304262	0.695738	0.0583942	0.941606
477819777	1000	101941	0.306814	0.693186	0.0524177	0.947582
477819777	1000	101942	0.30269	0.69731	0.0470307	0.952969
477819777	1000	101943	0.303557	0.696443	0.04038	0.95962
477819777	1000	101944	0.310526	0.689474	0.0383399	0.96166
477819777	1000	101945	0.316168	0.683832	0.0368737	0.963126
477819777	1000	101946	0.300243	0.699757	0.028831	0.971169
477819777	1000	101947	0.291165	0.708835	0.0266932	0.973307
477819777	1000	101948	0.291982	0.708018	0.0252708	0.974729
477819777	1000	101949	0.306903	0.693097	0.0255578	0.974442
477819777	1000	101950	0.325466	0.674534	0.0294004	0.9706
477819777	1000	101951	0.331855	0.668145	0.0277778	0.972222
477819777	1000	101952	0.334298	0.665702	0.0313953	0.968605
477819777	1000	101953	0.322816	0.677184	0.0316456	0.968354
477819777	1000	101954	0.326104	0.673896	0.0385552	0.961445
477819777	1000	101955	0.340873	0.659127	0.0379032	0.962097
477819777	1000	101956	0.333333	0.666667	0.0337948	0.966205
477819777	1000	101957	0.338723	0.661277	0.0324624	0.967538
477819777	1000	101958	0.323308	0.676692	0.024262	0.975738
477819777	1000	101959	0.31112	0.68888	0.024711	0.975289
477819777	1000	101960	0.302354	0.697646	0.0228707	0.977129
477819777	1000	101961	0.310522	0.689478	0.0206311	0.979369
477819777	1000	101962	0.328878	0.671122	0.0221256	0.977874
477819777	1000	101963	0.333333	0.666667	0.0256828	0.974317
477819777	1000	101964	0.339623	0.660377	0.0298924	0.970108
477819777	1000	101965	0.338511	0.661489	0.0261149	0.973885
477819777	1000	101966	0.342255	0.657745	0.0232833	0.976717
477819777	1000	101967	0.339144	0.660856	0.0210016	0.978998
477819777	1000	101968	0.334148	0.665852	0.0188531	0.981147
477819777	1000	101969	0.335484	0.664516	0.0206349	0.979365
477819777	1000	101970	0.313765	0.686235	0.0177866	0.982213
477819777	1000	101971	0.296118	0.703882	0.0139944	0.986006
477819777	1000	101972	0.290231	0.709769	0.0161863	0.983814
477819777	1000	101973	0.281569	0.718431	0.0164512	0.983549
477819777	1000	101974	0.273612	0.726388	0.0177655	0.982235
477819777	1000	101975	0.273723	0.726277	0.0220994	0.977901
477819777	1000	101976	0.285366	0.714634	0.0204724	0.979528
477819777	1000	101977	0.275255	0.724745	0.0151267	0.984873
477819777	1000	101978	0.272295	0.727705	0.0121114	0.987889
477819777	1000	101979	0.266429	0.733571	0.0113177	0.988682
477819777	1000	101980	0.264729	0.735271	0.00578512	0.994215
477819777	1000	101981	0.272616	0.727384	0.00351975	0.99648
477819777	1000	101982	0.273159	0.726841	0.00404204	0.995958
477819777	1000	101983	0.267073	0.732927	0.00669291	0.993307
477819777	1000	101984	0.265512	0.734488	0.00555997	0.99444
477819777	1000	101985	0.266062	0.733938	0.00812018	0.99188
477819777	1000	101986	0.26557	0.73443	0.00735595	0.992644
477819777	1000	101987	0.254175	0.745825	0.0102161	0.989784
477819777	1000	101988	0.254964	0.745036	0.00846092	0.991539
477819777	1000	101989	0.253579	0.746421	0.00900196	0.990998
477819777	1000	101990	0.245797	0.754203	0.00879297	0.991207
477819777	1000	101991	0.240016	0.759984	0.00761218	0.992388
477819777	1000	101992	0.242897	0.757103	0.0059976	0.994002
477819777	1000	101993	0.231287	0.768713	0.00767677	0.992323
477819777	1000	101994	0.230067	0.769933	0.0068576	0.993142
477819777	1000	101995	0.223821	0.776179	0.00520416	0.994796
477819777	1000	101996	0.223881	0.776119	0.00793336	0.992067
477819777	1000	101997	0.225781	0.774219	0.00999201	0.990008
477819777	1000	101998	0.234009	0.765991	0.0108739	0.989126
477819777	1000	101999	0.235602	0.764398	0.0127135	0.987286
477819777	1000	102000	0.237151	0.762849	0.011467	0.988533
