ID	Td	gen	p1m_in_p3	p2m_in_p3	p1f_in_p3	p2f_in_p3
477819777	500	100500	0.461169	0.538831	0.281025	0.718975
477819777	500	100501	0.478419	0.521581	0.277668	0.722332
477819777	500	100502	0.496795	0.503205	0.27516	0.72484
477819777	500	100503	0.496631	0.503369	0.263222	0.736778
477819777	500	100504	0.504591	0.495409	0.26012	0.73988
477819777	500	100505	0.51251	0.48749	0.258128	0.741872
477819777	500	100506	0.509939	0.490061	0.256805	0.743195
477819777	500	100507	0.508407	0.491593	0.257394	0.742606
477819777	500	100508	0.511947	0.488053	0.269309	0.730691
477819777	500	100509	0.519008	0.480992	0.269092	0.730908
477819777	500	100510	0.521774	0.478226	0.272619	0.727381
477819777	500	100511	0.513325	0.486675	0.28114	0.71886
477819777	500	100512	0.520179	0.479821	0.264625	0.735375
477819777	500	100513	0.534874	0.465126	0.265193	0.734807
477819777	500	100514	0.536074	0.463926	0.260421	0.739579
477819777	500	100515	0.54509	0.45491	0.261477	0.738523
477819777	500	100516	0.525524	0.474476	0.260412	0.739588
477819777	500	100517	0.523132	0.476868	0.238365	0.761635
477819777	500	100518	0.529647	0.470353	0.235623	0.764377
477819777	500	100519	0.517742	0.482258	0.235714	0.764286
477819777	500	100520	0.530231	0.469769	0.237731	0.762269
477819777	500	100521	0.524222	0.475778	0.25193	0.74807
477819777	500	100522	0.504055	0.495945	0.255722	0.744278
477819777	500	100523	0.519238	0.480762	0.262606	0.737394
477819777	500	100524	0.511971	0.488029	0.274258	0.725742
477819777	500	100525	0.507385	0.492615	0.27495	0.72505
477819777	500	100526	0.508907	0.491093	0.25415	0.74585
477819777	500	100527	0.505026	0.494974	0.251492	0.748508
477819777	500	100528	0.512205	0.487795	0.259245	0.740755
477819777	500	100529	0.504379	0.495621	0.250804	0.749196
477819777	500	100530	0.506651	0.493349	0.241763	0.758237
477819777	500	100531	0.506597	0.493403	0.244098	0.755902
477819777	500	100532	0.5	0.5	0.262151	0.737849
477819777	500	100533	0.487942	0.512058	0.244825	0.755175
477819777	500	100534	0.514579	0.485421	0.25653	0.74347
477819777	500	100535	0.536499	0.463501	0.278956	0.721044
477819777	500	100536	0.532198	0.467802	0.286541	0.713459
477819777	500	100537	0.533413	0.466587	0.287485	0.712515
477819777	500	100538	0.523614	0.476386	0.28538	0.71462
477819777	500	100539	0.527553	0.472447	0.273302	0.726698
477819777	500	100540	0.519028	0.480972	0.278261	0.721739
477819777	500	100541	0.513806	0.486194	0.272691	0.727309
477819777	500	100542	0.520934	0.479066	0.255564	0.744436
477819777	500	100543	0.510537	0.489463	0.261569	0.738431
477819777	500	100544	0.511057	0.488943	0.258405	0.741595
477819777	500	100545	0.508495	0.491505	0.249209	0.750791
477819777	500	100546	0.51027	0.48973	0.244736	0.755264
477819777	500	100547	0.52149	0.47851	0.240516	0.759484
477819777	500	100548	0.53557	0.46443	0.241884	0.758116
477819777	500	100549	0.530806	0.469194	0.24919	0.75081
477819777	500	100550	0.545744	0.454256	0.255833	0.744167
477819777	500	100551	0.550139	0.449861	0.264836	0.735164
477819777	500	100552	0.539912	0.460088	0.269246	0.730754
477819777	500	100553	0.533145	0.466855	0.260095	0.739905
477819777	500	100554	0.544582	0.455418	0.254902	0.745098
477819777	500	100555	0.541567	0.458433	0.271017	0.728983
477819777	500	100556	0.530928	0.469072	0.271994	0.728006
477819777	500	100557	0.527733	0.472267	0.276672	0.723328
477819777	500	100558	0.527365	0.472635	0.275184	0.724816
477819777	500	100559	0.543155	0.456845	0.284974	0.715026
477819777	500	100560	0.543909	0.456091	0.277185	0.722815
477819777	500	100561	0.559295	0.440705	0.266773	0.733227
477819777	500	100562	0.553027	0.446973	0.276881	0.723119
477819777	500	100563	0.56141	0.43859	0.286349	0.713651
477819777	500	100564	0.561326	0.438674	0.272327	0.727673
477819777	500	100565	0.55813	0.44187	0.273528	0.726472
477819777	500	100566	0.554936	0.445064	0.265273	0.734727
477819777	500	100567	0.549027	0.450973	0.259671	0.740329
477819777	500	100568	0.542742	0.457258	0.257937	0.742063
477819777	500	100569	0.535294	0.464706	0.264082	0.735918
477819777	500	100570	0.541481	0.458519	0.272044	0.727956
477819777	500	100571	0.534381	0.465619	0.259878	0.740122
477819777	500	100572	0.535414	0.464586	0.260296	0.739704
477819777	500	100573	0.50386	0.49614	0.250492	0.749508
477819777	500	100574	0.495528	0.504472	0.257874	0.742126
477819777	500	100575	0.475469	0.524531	0.26795	0.73205
477819777	500	100576	0.466882	0.533118	0.276545	0.723455
477819777	500	100577	0.467717	0.532283	0.287398	0.712602
477819777	500	100578	0.467897	0.532103	0.28748	0.71252
477819777	500	100579	0.47489	0.52511	0.2728	0.7272
477819777	500	100580	0.476749	0.523251	0.26949	0.73051
477819777	500	100581	0.488836	0.511164	0.274478	0.725522
477819777	500	100582	0.492919	0.507081	0.281937	0.718063
477819777	500	100583	0.494866	0.505134	0.288493	0.711507
477819777	500	100584	0.5	0.5	0.289474	0.710526
477819777	500	100585	0.503817	0.496183	0.293907	0.706093
477819777	500	100586	0.50735	0.49265	0.289166	0.710834
477819777	500	100587	0.505167	0.494833	0.281804	0.718196
477819777	500	100588	0.517393	0.482607	0.270908	0.729092
477819777	500	100589	0.527921	0.472079	0.275556	0.724444
477819777	500	100590	0.522627	0.477373	0.267279	0.732721
477819777	500	100591	0.51971	0.48029	0.282816	0.717184
477819777	500	100592	0.503759	0.496241	0.277396	0.722604
477819777	500	100593	0.48962	0.51038	0.268901	0.731099
477819777	500	100594	0.488577	0.511423	0.277844	0.722156
477819777	500	100595	0.483691	0.516309	0.277554	0.722446
477819777	500	100596	0.483858	0.516142	0.286992	0.713008
477819777	500	100597	0.489764	0.510236	0.28252	0.71748
477819777	500	100598	0.4881	0.5119	0.275684	0.724316
477819777	500	100599	0.508963	0.491037	0.262942	0.737058
477819777	500	100600	0.509509	0.490491	0.24475	0.75525
477819777	500	100601	0.511155	0.488845	0.249799	0.750201
477819777	500	100602	0.525484	0.474516	0.253139	0.746861
477819777	500	100603	0.535206	0.464794	0.250405	0.749595
477819777	500	100604	0.543825	0.456175	0.238554	0.761446
477819777	500	100605	0.534082	0.465918	0.250599	0.749401
477819777	500	100606	0.535395	0.464605	0.244296	0.755704
477819777	500	100607	0.547874	0.452126	0.24124	0.75876
477819777	500	100608	0.546926	0.453074	0.25356	0.74644
477819777	500	100609	0.562937	0.437063	0.24155	0.75845
477819777	500	100610	0.583603	0.416397	0.229794	0.770206
477819777	500	100611	0.594891	0.405109	0.213102	0.786898
477819777	500	100612	0.594115	0.405885	0.21318	0.78682
477819777	500	100613	0.596575	0.403425	0.216151	0.783849
477819777	500	100614	0.570584	0.429416	0.222403	0.777597
477819777	500	100615	0.572819	0.427181	0.228008	0.771992
477819777	500	100616	0.55914	0.44086	0.233025	0.766975
477819777	500	100617	0.549128	0.450872	0.233845	0.766155
477819777	500	100618	0.559118	0.440882	0.241916	0.758084
477819777	500	100619	0.540465	0.459535	0.253195	0.746805
477819777	500	100620	0.551127	0.448873	0.255962	0.744038
477819777	500	100621	0.522047	0.477953	0.252033	0.747967
477819777	500	100622	0.509419	0.490581	0.258283	0.741717
477819777	500	100623	0.504613	0.495387	0.262864	0.737136
477819777	500	100624	0.503474	0.496526	0.249902	0.750098
477819777	500	100625	0.500799	0.499201	0.250401	0.749599
477819777	500	100626	0.481296	0.518704	0.250935	0.749065
477819777	500	100627	0.455133	0.544867	0.270784	0.729216
477819777	500	100628	0.4501	0.5499	0.277844	0.722156
477819777	500	100629	0.462055	0.537945	0.275709	0.724291
477819777	500	100630	0.469524	0.530476	0.271876	0.728124
477819777	500	100631	0.485018	0.514982	0.281538	0.718462
477819777	500	100632	0.477805	0.522195	0.293418	0.706582
477819777	500	100633	0.490813	0.509187	0.302234	0.697766
477819777	500	100634	0.468963	0.531037	0.293648	0.706352
477819777	500	100635	0.467145	0.532855	0.28405	0.71595
477819777	500	100636	0.465004	0.534996	0.276054	0.723946
477819777	500	100637	0.45668	0.54332	0.275099	0.724901
477819777	500	100638	0.454617	0.545383	0.267594	0.732406
477819777	500	100639	0.459935	0.540065	0.276821	0.723179
477819777	500	100640	0.474186	0.525814	0.273973	0.726027
477819777	500	100641	0.480648	0.519352	0.284846	0.715154
477819777	500	100642	0.475969	0.524031	0.277273	0.722727
477819777	500	100643	0.468599	0.531401	0.285771	0.714229
477819777	500	100644	0.454472	0.545528	0.291104	0.708896
477819777	500	100645	0.444052	0.555948	0.306156	0.693844
477819777	500	100646	0.434642	0.565358	0.297351	0.702649
477819777	500	100647	0.442422	0.557578	0.289527	0.710473
477819777	500	100648	0.436132	0.563868	0.300362	0.699638
477819777	500	100649	0.435266	0.564734	0.305802	0.694198
477819777	500	100650	0.422956	0.577044	0.319625	0.680375
477819777	500	100651	0.424051	0.575949	0.328883	0.671117
477819777	500	100652	0.432716	0.567284	0.330024	0.669976
477819777	500	100653	0.429081	0.570919	0.3437	0.6563
477819777	500	100654	0.408428	0.591572	0.35545	0.64455
477819777	500	100655	0.395158	0.604842	0.357934	0.642066
477819777	500	100656	0.4	0.6	0.356607	0.643393
477819777	500	100657	0.3875	0.6125	0.355159	0.644841
477819777	500	100658	0.391778	0.608222	0.356491	0.643509
477819777	500	100659	0.395816	0.604184	0.352849	0.647151
477819777	500	100660	0.395311	0.604689	0.356295	0.643705
477819777	500	100661	0.390575	0.609425	0.364984	0.635016
477819777	500	100662	0.388158	0.611842	0.352804	0.647196
477819777	500	100663	0.37201	0.62799	0.355538	0.644462
477819777	500	100664	0.378734	0.621266	0.349538	0.650462
477819777	500	100665	0.384895	0.615105	0.353407	0.646593
477819777	500	100666	0.389631	0.610369	0.354405	0.645595
477819777	500	100667	0.39741	0.60259	0.367734	0.632266
477819777	500	100668	0.400237	0.599763	0.352679	0.647321
477819777	500	100669	0.402608	0.597392	0.358602	0.641398
477819777	500	100670	0.412186	0.587814	0.351547	0.648453
477819777	500	100671	0.418023	0.581977	0.353486	0.646514
477819777	500	100672	0.430677	0.569323	0.346185	0.653815
477819777	500	100673	0.442375	0.557625	0.352868	0.647132
477819777	500	100674	0.444137	0.555863	0.357114	0.642886
477819777	500	100675	0.449234	0.550766	0.346704	0.653296
477819777	500	100676	0.44807	0.55193	0.355448	0.644552
477819777	500	100677	0.435835	0.564165	0.362014	0.637986
477819777	500	100678	0.425874	0.574126	0.37953	0.62047
477819777	500	100679	0.431069	0.568931	0.373741	0.626259
477819777	500	100680	0.422713	0.577287	0.383929	0.616071
477819777	500	100681	0.431587	0.568413	0.381947	0.618053
477819777	500	100682	0.436069	0.563931	0.384023	0.615977
477819777	500	100683	0.440064	0.559936	0.391408	0.608592
477819777	500	100684	0.451166	0.548834	0.39741	0.60259
477819777	500	100685	0.447148	0.552852	0.406739	0.593261
477819777	500	100686	0.447197	0.552803	0.405437	0.594563
477819777	500	100687	0.459928	0.540072	0.410807	0.589193
477819777	500	100688	0.458937	0.541063	0.421304	0.578696
477819777	500	100689	0.446	0.554	0.4272	0.5728
477819777	500	100690	0.423325	0.576675	0.418715	0.581285
477819777	500	100691	0.423695	0.576305	0.408765	0.591235
477819777	500	100692	0.424315	0.575685	0.392267	0.607733
477819777	500	100693	0.42423	0.57577	0.406563	0.593437
477819777	500	100694	0.427306	0.572694	0.402861	0.597139
477819777	500	100695	0.422434	0.577566	0.402253	0.597747
477819777	500	100696	0.432593	0.567407	0.392655	0.607345
477819777	500	100697	0.431048	0.568952	0.405952	0.594048
477819777	500	100698	0.417419	0.582581	0.409629	0.590371
477819777	500	100699	0.391235	0.608765	0.438956	0.561044
477819777	500	100700	0.393031	0.606969	0.444313	0.555687
477819777	500	100701	0.379103	0.620897	0.445244	0.554756
477819777	500	100702	0.39277	0.60723	0.450355	0.549645
477819777	500	100703	0.384122	0.615878	0.462091	0.537909
477819777	500	100704	0.37852	0.62148	0.477725	0.522275
477819777	500	100705	0.361523	0.638477	0.479441	0.520559
477819777	500	100706	0.361813	0.638187	0.487036	0.512964
477819777	500	100707	0.365728	0.634272	0.482453	0.517547
477819777	500	100708	0.374951	0.625049	0.485528	0.514472
477819777	500	100709	0.379114	0.620886	0.473021	0.526979
477819777	500	100710	0.379421	0.620579	0.476115	0.523885
477819777	500	100711	0.367694	0.632306	0.465964	0.534036
477819777	500	100712	0.361573	0.638427	0.454797	0.545203
477819777	500	100713	0.366142	0.633858	0.443089	0.556911
477819777	500	100714	0.383726	0.616274	0.468512	0.531488
477819777	500	100715	0.386826	0.613174	0.456914	0.543086
477819777	500	100716	0.395152	0.604848	0.450297	0.549703
477819777	500	100717	0.388054	0.611946	0.44822	0.55178
477819777	500	100718	0.386282	0.613718	0.447547	0.552453
477819777	500	100719	0.367159	0.632841	0.438526	0.561474
477819777	500	100720	0.363126	0.636874	0.436727	0.563273
477819777	500	100721	0.366572	0.633428	0.422513	0.577487
477819777	500	100722	0.38502	0.61498	0.410672	0.589328
477819777	500	100723	0.384646	0.615354	0.397624	0.602376
477819777	500	100724	0.38367	0.61633	0.406944	0.593056
477819777	500	100725	0.386345	0.613655	0.404781	0.595219
477819777	500	100726	0.39167	0.60833	0.394327	0.605673
477819777	500	100727	0.384831	0.615169	0.423445	0.576555
477819777	500	100728	0.384274	0.615726	0.414286	0.585714
477819777	500	100729	0.392672	0.607328	0.425874	0.574126
477819777	500	100730	0.3956	0.6044	0.4252	0.5748
477819777	500	100731	0.376327	0.623673	0.413333	0.586667
477819777	500	100732	0.367451	0.632549	0.416735	0.583265
477819777	500	100733	0.366667	0.633333	0.406939	0.593061
477819777	500	100734	0.367535	0.632465	0.417565	0.582435
477819777	500	100735	0.359509	0.640491	0.398434	0.601566
477819777	500	100736	0.356313	0.643687	0.406387	0.593613
477819777	500	100737	0.362753	0.637247	0.417787	0.582213
477819777	500	100738	0.361958	0.638042	0.418262	0.581738
477819777	500	100739	0.349879	0.650121	0.412371	0.587629
477819777	500	100740	0.344978	0.655022	0.411125	0.588875
477819777	500	100741	0.348472	0.651528	0.41505	0.58495
477819777	500	100742	0.349673	0.650327	0.413009	0.586991
477819777	500	100743	0.355279	0.644721	0.409725	0.590275
477819777	500	100744	0.353649	0.646351	0.41261	0.58739
477819777	500	100745	0.347535	0.652465	0.413793	0.586207
477819777	500	100746	0.336574	0.663426	0.426314	0.573686
477819777	500	100747	0.337641	0.662359	0.427496	0.572504
477819777	500	100748	0.320275	0.679725	0.432647	0.567353
477819777	500	100749	0.305365	0.694635	0.418485	0.581515
477819777	500	100750	0.297405	0.702595	0.425251	0.574749
477819777	500	100751	0.298944	0.701056	0.4145	0.5855
477819777	500	100752	0.301166	0.698834	0.412256	0.587744
477819777	500	100753	0.302054	0.697946	0.421136	0.578864
477819777	500	100754	0.301818	0.698182	0.442376	0.557624
477819777	500	100755	0.292749	0.707251	0.448575	0.551425
477819777	500	100756	0.3008	0.6992	0.4536	0.5464
477819777	500	100757	0.309002	0.690998	0.452249	0.547751
477819777	500	100758	0.291751	0.708249	0.467197	0.532803
477819777	500	100759	0.308029	0.691971	0.469404	0.530596
477819777	500	100760	0.30701	0.69299	0.453932	0.546068
477819777	500	100761	0.305313	0.694687	0.455609	0.544391
477819777	500	100762	0.315091	0.684909	0.455178	0.544822
477819777	500	100763	0.308642	0.691358	0.442748	0.557252
477819777	500	100764	0.323216	0.676784	0.449858	0.550142
477819777	500	100765	0.351097	0.648903	0.447712	0.552288
477819777	500	100766	0.350743	0.649257	0.448825	0.551175
477819777	500	100767	0.363192	0.636808	0.46305	0.53695
477819777	500	100768	0.368315	0.631685	0.438918	0.561082
477819777	500	100769	0.379297	0.620703	0.439044	0.560956
477819777	500	100770	0.370987	0.629013	0.435605	0.564395
477819777	500	100771	0.367475	0.632525	0.420557	0.579443
477819777	500	100772	0.38171	0.61829	0.42495	0.57505
477819777	500	100773	0.38379	0.61621	0.424487	0.575513
477819777	500	100774	0.387674	0.612326	0.416499	0.583501
477819777	500	100775	0.38753	0.61247	0.438362	0.561638
477819777	500	100776	0.3732	0.6268	0.4428	0.5572
477819777	500	100777	0.372388	0.627612	0.426338	0.573662
477819777	500	100778	0.386454	0.613546	0.428112	0.571888
477819777	500	100779	0.381891	0.618109	0.443738	0.556262
477819777	500	100780	0.372511	0.627489	0.451005	0.548995
477819777	500	100781	0.373945	0.626055	0.452049	0.547951
477819777	500	100782	0.385116	0.614884	0.438804	0.561196
477819777	500	100783	0.378849	0.621151	0.446682	0.553318
477819777	500	100784	0.379686	0.620314	0.441048	0.558952
477819777	500	100785	0.376471	0.623529	0.442998	0.557002
477819777	500	100786	0.388713	0.611287	0.4412	0.5588
477819777	500	100787	0.391253	0.608747	0.44801	0.55199
477819777	500	100788	0.3787	0.6213	0.461442	0.538558
477819777	500	100789	0.388779	0.611221	0.45808	0.54192
477819777	500	100790	0.380024	0.619976	0.429835	0.570165
477819777	500	100791	0.378107	0.621893	0.428172	0.571828
477819777	500	100792	0.373223	0.626777	0.434765	0.565235
477819777	500	100793	0.372026	0.627974	0.450429	0.549571
477819777	500	100794	0.364291	0.635709	0.464428	0.535572
477819777	500	100795	0.367339	0.632661	0.469446	0.530554
477819777	500	100796	0.372224	0.627776	0.472057	0.527943
477819777	500	100797	0.373026	0.626974	0.465429	0.534571
477819777	500	100798	0.373003	0.626997	0.469151	0.530849
477819777	500	100799	0.372427	0.627573	0.48	0.52
477819777	500	100800	0.360479	0.639521	0.482164	0.517836
477819777	500	100801	0.358985	0.641015	0.481242	0.518758
477819777	500	100802	0.356443	0.643557	0.45566	0.54434
477819777	500	100803	0.353154	0.646846	0.450816	0.549184
477819777	500	100804	0.353179	0.646821	0.452785	0.547215
477819777	500	100805	0.352078	0.647922	0.452082	0.547918
477819777	500	100806	0.36449	0.63551	0.446667	0.553333
477819777	500	100807	0.373183	0.626817	0.440571	0.559429
477819777	500	100808	0.358084	0.641916	0.436072	0.563928
477819777	500	100809	0.3462	0.6538	0.44029	0.55971
477819777	500	100810	0.35375	0.64625	0.434978	0.565022
477819777	500	100811	0.350478	0.649522	0.438202	0.561798
477819777	500	100812	0.347578	0.652422	0.425875	0.574125
477819777	500	100813	0.332927	0.667073	0.423335	0.576665
477819777	500	100814	0.334676	0.665324	0.419547	0.580453
477819777	500	100815	0.343862	0.656138	0.411765	0.588235
477819777	500	100816	0.353852	0.646148	0.434236	0.565764
477819777	500	100817	0.364775	0.635225	0.418814	0.581186
477819777	500	100818	0.362097	0.637903	0.431746	0.568254
477819777	500	100819	0.361924	0.638076	0.429142	0.570858
477819777	500	100820	0.353659	0.646341	0.442636	0.557364
477819777	500	100821	0.341863	0.658137	0.451781	0.548219
477819777	500	100822	0.337816	0.662184	0.457581	0.542419
477819777	500	100823	0.340492	0.659508	0.455925	0.544075
477819777	500	100824	0.325989	0.674011	0.462534	0.537466
477819777	500	100825	0.339623	0.660377	0.465391	0.534609
477819777	500	100826	0.348809	0.651191	0.461356	0.538644
477819777	500	100827	0.338639	0.661361	0.468436	0.531564
477819777	500	100828	0.32916	0.67084	0.442948	0.557052
477819777	500	100829	0.336415	0.663585	0.449841	0.550159
477819777	500	100830	0.315113	0.684887	0.461783	0.538217
477819777	500	100831	0.32614	0.67386	0.461478	0.538522
477819777	500	100832	0.338129	0.661871	0.464371	0.535629
477819777	500	100833	0.34672	0.65328	0.477264	0.522736
477819777	500	100834	0.349499	0.650501	0.477046	0.522954
477819777	500	100835	0.348337	0.651663	0.473954	0.526046
477819777	500	100836	0.347351	0.652649	0.483182	0.516818
477819777	500	100837	0.356592	0.643408	0.499014	0.500986
477819777	500	100838	0.3704	0.6296	0.5216	0.4784
477819777	500	100839	0.361362	0.638638	0.511319	0.488681
477819777	500	100840	0.352964	0.647036	0.509172	0.490828
477819777	500	100841	0.351757	0.648243	0.494122	0.505878
477819777	500	100842	0.352872	0.647128	0.491863	0.508137
477819777	500	100843	0.339162	0.660838	0.485242	0.514758
477819777	500	100844	0.350225	0.649775	0.49197	0.50803
477819777	500	100845	0.339214	0.660786	0.501596	0.498404
477819777	500	100846	0.353668	0.646332	0.492376	0.507624
477819777	500	100847	0.343278	0.656722	0.489944	0.510056
477819777	500	100848	0.349534	0.650466	0.499407	0.500593
477819777	500	100849	0.339623	0.660377	0.499219	0.500781
477819777	500	100850	0.337345	0.662655	0.502992	0.497008
477819777	500	100851	0.330043	0.669957	0.528577	0.471423
477819777	500	100852	0.318829	0.681171	0.528139	0.471861
477819777	500	100853	0.310531	0.689469	0.518547	0.481453
477819777	500	100854	0.29386	0.70614	0.521268	0.478732
477819777	500	100855	0.30004	0.69996	0.535183	0.464817
477819777	500	100856	0.290503	0.709497	0.530473	0.469527
477819777	500	100857	0.286843	0.713157	0.515188	0.484812
477819777	500	100858	0.272247	0.727753	0.521071	0.478929
477819777	500	100859	0.273618	0.726382	0.512862	0.487138
477819777	500	100860	0.279587	0.720413	0.518131	0.481869
477819777	500	100861	0.288627	0.711373	0.520408	0.479592
477819777	500	100862	0.29347	0.70653	0.53214	0.46786
477819777	500	100863	0.283004	0.716996	0.526358	0.473642
477819777	500	100864	0.286116	0.713884	0.513955	0.486045
477819777	500	100865	0.278114	0.721886	0.506947	0.493053
477819777	500	100866	0.280242	0.719758	0.498016	0.501984
477819777	500	100867	0.280226	0.719774	0.501385	0.498615
477819777	500	100868	0.278996	0.721004	0.503412	0.496588
477819777	500	100869	0.278571	0.721429	0.493952	0.506048
477819777	500	100870	0.275547	0.724453	0.487324	0.512676
477819777	500	100871	0.292412	0.707588	0.499396	0.500604
477819777	500	100872	0.292216	0.707784	0.492184	0.507816
477819777	500	100873	0.294529	0.705471	0.492409	0.507591
477819777	500	100874	0.283665	0.716335	0.497992	0.502008
477819777	500	100875	0.283843	0.716157	0.49214	0.50786
477819777	500	100876	0.287105	0.712895	0.478295	0.521705
477819777	500	100877	0.309169	0.690831	0.467729	0.532271
477819777	500	100878	0.329937	0.670063	0.471814	0.528186
477819777	500	100879	0.331729	0.668271	0.463103	0.536897
477819777	500	100880	0.330113	0.669887	0.469793	0.530207
477819777	500	100881	0.325941	0.674059	0.47798	0.52202
477819777	500	100882	0.323469	0.676531	0.456175	0.543825
477819777	500	100883	0.330525	0.669475	0.447946	0.552054
477819777	500	100884	0.323348	0.676652	0.456106	0.543894
477819777	500	100885	0.323436	0.676564	0.471706	0.528294
477819777	500	100886	0.316137	0.683863	0.485448	0.514552
477819777	500	100887	0.325344	0.674656	0.481466	0.518534
477819777	500	100888	0.333058	0.666942	0.497866	0.502134
477819777	500	100889	0.331032	0.668968	0.497636	0.502364
477819777	500	100890	0.340577	0.659423	0.516403	0.483597
477819777	500	100891	0.338	0.662	0.5088	0.4912
477819777	500	100892	0.351997	0.648003	0.502528	0.497472
477819777	500	100893	0.351265	0.648735	0.493025	0.506975
477819777	500	100894	0.35697	0.64303	0.485306	0.514694
477819777	500	100895	0.371508	0.628492	0.459503	0.540497
477819777	500	100896	0.376731	0.623269	0.459765	0.540235
477819777	500	100897	0.367396	0.632604	0.473239	0.526761
477819777	500	100898	0.397415	0.602585	0.472662	0.527338
477819777	500	100899	0.378764	0.621236	0.48546	0.51454
477819777	500	100900	0.390032	0.609968	0.478964	0.521036
477819777	500	100901	0.395284	0.604716	0.47558	0.52442
477819777	500	100902	0.392871	0.607129	0.50062	0.49938
477819777	500	100903	0.396301	0.603699	0.492883	0.507117
477819777	500	100904	0.390185	0.609815	0.495625	0.504375
477819777	500	100905	0.400083	0.599917	0.498645	0.501355
477819777	500	100906	0.397327	0.602673	0.485579	0.514421
477819777	500	100907	0.404669	0.595331	0.470782	0.529218
477819777	500	100908	0.399211	0.600789	0.47789	0.52211
477819777	500	100909	0.40024	0.59976	0.470048	0.529952
477819777	500	100910	0.416601	0.583399	0.478332	0.521668
477819777	500	100911	0.397498	0.602502	0.473037	0.526963
477819777	500	100912	0.40241	0.59759	0.476494	0.523506
477819777	500	100913	0.398329	0.601671	0.474467	0.525533
477819777	500	100914	0.390184	0.609816	0.491194	0.508806
477819777	500	100915	0.384555	0.615445	0.500812	0.499188
477819777	500	100916	0.40016	0.59984	0.490204	0.509796
477819777	500	100917	0.405797	0.594203	0.493243	0.506757
477819777	500	100918	0.408981	0.591019	0.488924	0.511076
477819777	500	100919	0.403771	0.596229	0.49511	0.50489
477819777	500	100920	0.399589	0.600411	0.482261	0.517739
477819777	500	100921	0.401174	0.598826	0.488344	0.511656
477819777	500	100922	0.394726	0.605274	0.479684	0.520316
477819777	500	100923	0.400953	0.599047	0.458283	0.541717
477819777	500	100924	0.394001	0.605999	0.46822	0.53178
477819777	500	100925	0.404409	0.595591	0.476248	0.523752
477819777	500	100926	0.410843	0.589157	0.480478	0.519522
477819777	500	100927	0.420741	0.579259	0.474838	0.525162
477819777	500	100928	0.43961	0.56039	0.469894	0.530106
477819777	500	100929	0.439141	0.560859	0.473451	0.526549
477819777	500	100930	0.434561	0.565439	0.466095	0.533905
477819777	500	100931	0.435676	0.564324	0.444098	0.555902
477819777	500	100932	0.435008	0.564992	0.45626	0.54374
477819777	500	100933	0.417507	0.582493	0.455375	0.544625
477819777	500	100934	0.402182	0.597818	0.450698	0.549302
477819777	500	100935	0.393915	0.606085	0.447642	0.552358
477819777	500	100936	0.400953	0.599047	0.453043	0.546957
477819777	500	100937	0.389589	0.610411	0.448249	0.551751
477819777	500	100938	0.405897	0.594103	0.447306	0.552694
477819777	500	100939	0.38996	0.61004	0.456574	0.543426
477819777	500	100940	0.372604	0.627396	0.459535	0.540465
477819777	500	100941	0.389381	0.610619	0.453063	0.546937
477819777	500	100942	0.393543	0.606457	0.471994	0.528006
477819777	500	100943	0.392212	0.607788	0.466321	0.533679
477819777	500	100944	0.397123	0.602877	0.464157	0.535843
477819777	500	100945	0.413095	0.586905	0.477823	0.522177
477819777	500	100946	0.417752	0.582248	0.481132	0.518868
477819777	500	100947	0.421725	0.578275	0.494792	0.505208
477819777	500	100948	0.434938	0.565062	0.490149	0.509851
477819777	500	100949	0.428912	0.571088	0.491539	0.508461
477819777	500	100950	0.432665	0.567335	0.495894	0.504106
477819777	500	100951	0.423641	0.576359	0.494958	0.505042
477819777	500	100952	0.43124	0.56876	0.480274	0.519726
477819777	500	100953	0.43859	0.56141	0.493538	0.506462
477819777	500	100954	0.436664	0.563336	0.503255	0.496745
477819777	500	100955	0.440548	0.559452	0.504168	0.495832
477819777	500	100956	0.437601	0.562399	0.511924	0.488076
477819777	500	100957	0.450079	0.549921	0.49475	0.50525
477819777	500	100958	0.443058	0.556942	0.497416	0.502584
477819777	500	100959	0.436671	0.563329	0.477915	0.522085
477819777	500	100960	0.452777	0.547223	0.482827	0.517173
477819777	500	100961	0.465308	0.534692	0.481421	0.518579
477819777	500	100962	0.453855	0.546145	0.467761	0.532239
477819777	500	100963	0.470897	0.529103	0.472288	0.527712
477819777	500	100964	0.477982	0.522018	0.464029	0.535971
477819777	500	100965	0.486301	0.513699	0.46664	0.53336
477819777	500	100966	0.47608	0.52392	0.466362	0.533638
477819777	500	100967	0.492662	0.507338	0.440904	0.559096
477819777	500	100968	0.496526	0.503474	0.4387	0.5613
477819777	500	100969	0.509055	0.490945	0.423577	0.576423
477819777	500	100970	0.511517	0.488483	0.42224	0.57776
477819777	500	100971	0.500814	0.499186	0.436664	0.563336
477819777	500	100972	0.500202	0.499798	0.448194	0.551806
477819777	500	100973	0.492895	0.507105	0.45605	0.54395
477819777	500	100974	0.50692	0.49308	0.452448	0.547552
477819777	500	100975	0.511628	0.488372	0.448803	0.551197
477819777	500	100976	0.505275	0.494725	0.443671	0.556329
477819777	500	100977	0.50859	0.49141	0.447337	0.552663
477819777	500	100978	0.51069	0.48931	0.463705	0.536295
477819777	500	100979	0.520384	0.479616	0.453163	0.546837
477819777	500	100980	0.514654	0.485346	0.458419	0.541581
477819777	500	100981	0.509976	0.490024	0.472735	0.527265
477819777	500	100982	0.511839	0.488161	0.465531	0.534469
477819777	500	100983	0.502796	0.497204	0.470753	0.529247
477819777	500	100984	0.51378	0.48622	0.470325	0.529675
477819777	500	100985	0.510495	0.489505	0.454545	0.545455
477819777	500	100986	0.510212	0.489788	0.45865	0.54135
477819777	500	100987	0.514821	0.485179	0.45156	0.54844
477819777	500	100988	0.498386	0.501614	0.452022	0.547978
477819777	500	100989	0.50978	0.49022	0.448547	0.551453
477819777	500	100990	0.494624	0.505376	0.451185	0.548815
477819777	500	100991	0.496476	0.503524	0.453802	0.546198
477819777	500	100992	0.509984	0.490016	0.452324	0.547676
477819777	500	100993	0.509501	0.490499	0.458367	0.541633
477819777	500	100994	0.515693	0.484307	0.459525	0.540475
477819777	500	100995	0.516413	0.483587	0.454836	0.545164
477819777	500	100996	0.510391	0.489609	0.445258	0.554742
477819777	500	100997	0.521548	0.478452	0.443464	0.556536
477819777	500	100998	0.518371	0.481629	0.449119	0.550881
477819777	500	100999	0.524545	0.475455	0.458771	0.541229
477819777	500	101000	0.527565	0.472435	0.483499	0.516501
477819777	500	101001	0.54145	0.45855	0.470635	0.529365
477819777	500	101002	0.540767	0.459233	0.473179	0.526821
477819777	500	101003	0.545866	0.454134	0.462826	0.537174
477819777	500	101004	0.545051	0.454949	0.44198	0.55802
477819777	500	101005	0.564992	0.435008	0.445425	0.554575
477819777	500	101006	0.55827	0.44173	0.444267	0.555733
477819777	500	101007	0.570172	0.429828	0.442977	0.557023
477819777	500	101008	0.564021	0.435979	0.444444	0.555556
477819777	500	101009	0.568035	0.431965	0.465024	0.534976
477819777	500	101010	0.580515	0.419485	0.468203	0.531797
477819777	500	101011	0.583265	0.416735	0.477647	0.522353
477819777	500	101012	0.563729	0.436271	0.471115	0.528885
477819777	500	101013	0.564333	0.435667	0.481375	0.518625
477819777	500	101014	0.542553	0.457447	0.49687	0.50313
477819777	500	101015	0.538737	0.461263	0.503826	0.496174
477819777	500	101016	0.552042	0.447958	0.486811	0.513189
477819777	500	101017	0.541414	0.458586	0.486733	0.513267
477819777	500	101018	0.544071	0.455929	0.498003	0.501997
477819777	500	101019	0.540595	0.459405	0.499204	0.500796
477819777	500	101020	0.535446	0.464554	0.501818	0.498182
477819777	500	101021	0.527126	0.472874	0.497233	0.502767
477819777	500	101022	0.532298	0.467702	0.508614	0.491386
477819777	500	101023	0.534036	0.465964	0.521722	0.478278
477819777	500	101024	0.523021	0.476979	0.51664	0.48336
477819777	500	101025	0.509531	0.490469	0.523771	0.476229
477819777	500	101026	0.503393	0.496607	0.52505	0.47495
477819777	500	101027	0.508661	0.491339	0.513008	0.486992
477819777	500	101028	0.503445	0.496555	0.530201	0.469799
477819777	500	101029	0.519544	0.480456	0.52044	0.47956
477819777	500	101030	0.513829	0.486171	0.521578	0.478422
477819777	500	101031	0.52486	0.47514	0.518755	0.481245
477819777	500	101032	0.509889	0.490111	0.522249	0.477751
477819777	500	101033	0.506242	0.493758	0.514899	0.485101
477819777	500	101034	0.520489	0.479511	0.495126	0.504874
477819777	500	101035	0.520322	0.479678	0.497813	0.502187
477819777	500	101036	0.517115	0.482885	0.496072	0.503928
477819777	500	101037	0.525458	0.474542	0.485658	0.514342
477819777	500	101038	0.530321	0.469679	0.490513	0.509487
477819777	500	101039	0.5376	0.4624	0.5	0.5
477819777	500	101040	0.53645	0.46355	0.502827	0.497173
477819777	500	101041	0.522943	0.477057	0.509709	0.490291
477819777	500	101042	0.523463	0.476537	0.499209	0.500791
477819777	500	101043	0.521032	0.478968	0.494758	0.505242
477819777	500	101044	0.521116	0.478884	0.513655	0.486345
477819777	500	101045	0.516417	0.483583	0.518752	0.481248
477819777	500	101046	0.517158	0.482842	0.514071	0.485929
477819777	500	101047	0.533123	0.466877	0.519886	0.480114
477819777	500	101048	0.515973	0.484027	0.503759	0.496241
477819777	500	101049	0.532377	0.467623	0.494837	0.505163
477819777	500	101050	0.534611	0.465389	0.495702	0.504298
477819777	500	101051	0.533388	0.466612	0.51022	0.48978
477819777	500	101052	0.53646	0.46354	0.514413	0.485587
477819777	500	101053	0.54902	0.45098	0.514994	0.485006
477819777	500	101054	0.533493	0.466507	0.502809	0.497191
477819777	500	101055	0.538124	0.461876	0.485371	0.514629
477819777	500	101056	0.544135	0.455865	0.486304	0.513696
477819777	500	101057	0.528331	0.471669	0.491602	0.508398
477819777	500	101058	0.531889	0.468111	0.488632	0.511368
477819777	500	101059	0.52228	0.47772	0.489438	0.510562
477819777	500	101060	0.523274	0.476726	0.480861	0.519139
477819777	500	101061	0.515523	0.484477	0.474138	0.525862
477819777	500	101062	0.521046	0.478954	0.489228	0.510772
477819777	500	101063	0.531337	0.468663	0.48978	0.51022
477819777	500	101064	0.529935	0.470065	0.499209	0.500791
477819777	500	101065	0.540552	0.459448	0.507893	0.492107
477819777	500	101066	0.552508	0.447492	0.50817	0.49183
477819777	500	101067	0.553252	0.446748	0.511417	0.488583
477819777	500	101068	0.545601	0.454399	0.518917	0.481083
477819777	500	101069	0.546256	0.453744	0.535358	0.464642
477819777	500	101070	0.548219	0.451781	0.535786	0.464214
477819777	500	101071	0.53752	0.46248	0.540816	0.459184
477819777	500	101072	0.549805	0.450195	0.544444	0.455556
477819777	500	101073	0.557907	0.442093	0.53125	0.46875
477819777	500	101074	0.573109	0.426891	0.549612	0.450388
477819777	500	101075	0.569145	0.430855	0.548839	0.451161
477819777	500	101076	0.586334	0.413666	0.548122	0.451878
477819777	500	101077	0.58289	0.41711	0.547517	0.452483
477819777	500	101078	0.59375	0.40625	0.545712	0.454288
477819777	500	101079	0.599115	0.400885	0.548747	0.451253
477819777	500	101080	0.596371	0.403629	0.519841	0.480159
477819777	500	101081	0.60096	0.39904	0.522209	0.477791
477819777	500	101082	0.607795	0.392205	0.51281	0.48719
477819777	500	101083	0.613297	0.386703	0.490643	0.509357
477819777	500	101084	0.63054	0.36946	0.502383	0.497617
477819777	500	101085	0.626848	0.373152	0.501802	0.498198
477819777	500	101086	0.623293	0.376707	0.519522	0.480478
477819777	500	101087	0.606218	0.393782	0.525492	0.474508
477819777	500	101088	0.605703	0.394297	0.510413	0.489587
477819777	500	101089	0.595266	0.404734	0.505477	0.494523
477819777	500	101090	0.583868	0.416132	0.524322	0.475678
477819777	500	101091	0.573988	0.426012	0.536595	0.463405
477819777	500	101092	0.580113	0.419887	0.540143	0.459857
477819777	500	101093	0.576428	0.423572	0.530628	0.469372
477819777	500	101094	0.581513	0.418487	0.51642	0.48358
477819777	500	101095	0.594584	0.405416	0.518682	0.481318
477819777	500	101096	0.597076	0.402924	0.506698	0.493302
477819777	500	101097	0.611808	0.388192	0.500594	0.499406
477819777	500	101098	0.608239	0.391761	0.498019	0.501981
477819777	500	101099	0.615292	0.384708	0.493042	0.506958
477819777	500	101100	0.619397	0.380603	0.50707	0.49293
477819777	500	101101	0.621091	0.378909	0.505188	0.494812
477819777	500	101102	0.614764	0.385236	0.493058	0.506942
477819777	500	101103	0.617131	0.382869	0.487952	0.512048
477819777	500	101104	0.597901	0.402099	0.508125	0.491875
477819777	500	101105	0.613901	0.386099	0.507368	0.492632
477819777	500	101106	0.609562	0.390438	0.519679	0.480321
477819777	500	101107	0.608363	0.391637	0.502587	0.497413
477819777	500	101108	0.598512	0.401488	0.514916	0.485084
477819777	500	101109	0.610204	0.389796	0.520392	0.479608
477819777	500	101110	0.604167	0.395833	0.515472	0.484528
477819777	500	101111	0.611674	0.388326	0.523885	0.476115
477819777	500	101112	0.608124	0.391876	0.532091	0.467909
477819777	500	101113	0.60837	0.39163	0.521281	0.478719
477819777	500	101114	0.603009	0.396991	0.509967	0.490033
477819777	500	101115	0.605347	0.394653	0.503208	0.496792
477819777	500	101116	0.606564	0.393436	0.497774	0.502226
477819777	500	101117	0.609895	0.390105	0.48974	0.51026
477819777	500	101118	0.609668	0.390332	0.468963	0.531037
477819777	500	101119	0.603113	0.396887	0.478601	0.521399
477819777	500	101120	0.613939	0.386061	0.506132	0.493868
477819777	500	101121	0.619379	0.380621	0.506265	0.493735
477819777	500	101122	0.60836	0.39164	0.519716	0.480284
477819777	500	101123	0.613018	0.386982	0.517241	0.482759
477819777	500	101124	0.619821	0.380179	0.517336	0.482664
477819777	500	101125	0.620774	0.379226	0.523379	0.476621
477819777	500	101126	0.627916	0.372084	0.539379	0.460621
477819777	500	101127	0.619936	0.380064	0.545125	0.454875
477819777	500	101128	0.608801	0.391199	0.53587	0.46413
477819777	500	101129	0.602842	0.397158	0.541548	0.458452
477819777	500	101130	0.620772	0.379228	0.523522	0.476478
477819777	500	101131	0.61465	0.38535	0.523312	0.476688
477819777	500	101132	0.603531	0.396469	0.534689	0.465311
477819777	500	101133	0.592941	0.407059	0.522857	0.477143
477819777	500	101134	0.595414	0.404586	0.512119	0.487881
477819777	500	101135	0.594332	0.405668	0.523715	0.476285
477819777	500	101136	0.606957	0.393043	0.537415	0.462585
477819777	500	101137	0.616214	0.383786	0.524439	0.475561
477819777	500	101138	0.612253	0.387747	0.537515	0.462485
477819777	500	101139	0.623525	0.376475	0.531326	0.468674
477819777	500	101140	0.627016	0.372984	0.534127	0.465873
477819777	500	101141	0.630262	0.369738	0.532232	0.467768
477819777	500	101142	0.635857	0.364143	0.542169	0.457831
477819777	500	101143	0.627459	0.372541	0.550817	0.449183
477819777	500	101144	0.622687	0.377313	0.559666	0.440334
477819777	500	101145	0.621522	0.378478	0.549296	0.450704
477819777	500	101146	0.61236	0.38764	0.5626	0.4374
477819777	500	101147	0.62807	0.37193	0.563039	0.436961
477819777	500	101148	0.616086	0.383914	0.574313	0.425687
477819777	500	101149	0.603945	0.396055	0.571602	0.428398
477819777	500	101150	0.609611	0.390389	0.584609	0.415391
477819777	500	101151	0.593415	0.406585	0.590561	0.409439
477819777	500	101152	0.600979	0.399021	0.607297	0.392703
477819777	500	101153	0.601212	0.398788	0.598416	0.401584
477819777	500	101154	0.611597	0.388403	0.598308	0.401692
477819777	500	101155	0.607789	0.392211	0.609845	0.390155
477819777	500	101156	0.625203	0.374797	0.624803	0.375197
477819777	500	101157	0.625351	0.374649	0.629438	0.370562
477819777	500	101158	0.618702	0.381298	0.634776	0.365224
477819777	500	101159	0.628627	0.371373	0.636735	0.363265
477819777	500	101160	0.642541	0.357459	0.638679	0.361321
477819777	500	101161	0.642324	0.357676	0.649001	0.350999
477819777	500	101162	0.629774	0.370226	0.649959	0.350041
477819777	500	101163	0.616395	0.383605	0.655006	0.344994
477819777	500	101164	0.612751	0.387249	0.650264	0.349736
477819777	500	101165	0.610518	0.389482	0.63618	0.36382
477819777	500	101166	0.607425	0.392575	0.63047	0.36953
477819777	500	101167	0.617647	0.382353	0.636616	0.363384
477819777	500	101168	0.615794	0.384206	0.648279	0.351721
477819777	500	101169	0.624503	0.375497	0.641995	0.358005
477819777	500	101170	0.626112	0.373888	0.635392	0.364608
477819777	500	101171	0.633293	0.366707	0.62117	0.37883
477819777	500	101172	0.640741	0.359259	0.623346	0.376654
477819777	500	101173	0.631621	0.368379	0.622408	0.377592
477819777	500	101174	0.634986	0.365014	0.638921	0.361079
477819777	500	101175	0.625594	0.374406	0.623586	0.376414
477819777	500	101176	0.625504	0.374496	0.637193	0.362807
477819777	500	101177	0.626458	0.373542	0.653402	0.346598
477819777	500	101178	0.625888	0.374112	0.644363	0.355637
477819777	500	101179	0.613045	0.386955	0.621351	0.378649
477819777	500	101180	0.611265	0.388735	0.615167	0.384833
477819777	500	101181	0.60818	0.39182	0.617613	0.382387
477819777	500	101182	0.615385	0.384615	0.609937	0.390063
477819777	500	101183	0.613582	0.386418	0.60556	0.39444
477819777	500	101184	0.617013	0.382987	0.61258	0.38742
477819777	500	101185	0.627814	0.372186	0.617834	0.382166
477819777	500	101186	0.621434	0.378566	0.615868	0.384132
477819777	500	101187	0.609182	0.390818	0.610421	0.389579
477819777	500	101188	0.597566	0.402434	0.609865	0.390135
477819777	500	101189	0.593917	0.406083	0.608492	0.391508
477819777	500	101190	0.586764	0.413236	0.620539	0.379461
477819777	500	101191	0.591885	0.408115	0.630693	0.369307
477819777	500	101192	0.593982	0.406018	0.643179	0.356821
477819777	500	101193	0.599356	0.400644	0.635243	0.364757
477819777	500	101194	0.594962	0.405038	0.631453	0.368547
477819777	500	101195	0.598987	0.401013	0.618735	0.381265
477819777	500	101196	0.599842	0.400158	0.612303	0.387697
477819777	500	101197	0.59276	0.40724	0.601012	0.398988
477819777	500	101198	0.594232	0.405768	0.591738	0.408262
477819777	500	101199	0.600237	0.399763	0.57056	0.42944
477819777	500	101200	0.605337	0.394663	0.57734	0.42266
477819777	500	101201	0.610048	0.389952	0.577448	0.422552
477819777	500	101202	0.604158	0.395842	0.575972	0.424028
477819777	500	101203	0.615385	0.384615	0.558498	0.441502
477819777	500	101204	0.607071	0.392929	0.546794	0.453206
477819777	500	101205	0.589486	0.410514	0.543062	0.456938
477819777	500	101206	0.578138	0.421862	0.541897	0.458103
477819777	500	101207	0.567763	0.432237	0.561852	0.438148
477819777	500	101208	0.577459	0.422541	0.555859	0.444141
477819777	500	101209	0.584389	0.415611	0.55895	0.44105
477819777	500	101210	0.607997	0.392003	0.566762	0.433238
477819777	500	101211	0.583133	0.416867	0.580064	0.419936
477819777	500	101212	0.602625	0.397375	0.579646	0.420354
477819777	500	101213	0.597994	0.402006	0.578826	0.421174
477819777	500	101214	0.587429	0.412571	0.562748	0.437252
477819777	500	101215	0.58734	0.41266	0.546725	0.453275
477819777	500	101216	0.60114	0.39886	0.552104	0.447896
477819777	500	101217	0.6029	0.3971	0.55145	0.44855
477819777	500	101218	0.609264	0.390736	0.547696	0.452304
477819777	500	101219	0.604217	0.395783	0.562352	0.437648
477819777	500	101220	0.602199	0.397801	0.566431	0.433569
477819777	500	101221	0.588142	0.411858	0.575709	0.424291
477819777	500	101222	0.580095	0.419905	0.571429	0.428571
477819777	500	101223	0.591902	0.408098	0.575977	0.424023
477819777	500	101224	0.580956	0.419044	0.571087	0.428913
477819777	500	101225	0.582805	0.417195	0.572698	0.427302
477819777	500	101226	0.579858	0.420142	0.576892	0.423108
477819777	500	101227	0.575602	0.424398	0.573976	0.426024
477819777	500	101228	0.57931	0.42069	0.572781	0.427219
477819777	500	101229	0.572908	0.427092	0.571888	0.428112
477819777	500	101230	0.59051	0.40949	0.568218	0.431782
477819777	500	101231	0.593079	0.406921	0.555511	0.444489
477819777	500	101232	0.599676	0.400324	0.558452	0.441548
477819777	500	101233	0.600721	0.399279	0.540951	0.459049
477819777	500	101234	0.594031	0.405969	0.540329	0.459671
477819777	500	101235	0.582374	0.417626	0.526804	0.473196
477819777	500	101236	0.579321	0.420679	0.525547	0.474453
477819777	500	101237	0.581637	0.418363	0.539479	0.460521
477819777	500	101238	0.590786	0.409214	0.536202	0.463798
477819777	500	101239	0.580696	0.419304	0.528882	0.471118
477819777	500	101240	0.581349	0.418651	0.518548	0.481452
477819777	500	101241	0.573524	0.426476	0.512717	0.487283
477819777	500	101242	0.576383	0.423617	0.506163	0.493837
477819777	500	101243	0.581876	0.418124	0.507246	0.492754
477819777	500	101244	0.578247	0.421753	0.50982	0.49018
477819777	500	101245	0.584838	0.415162	0.499003	0.500997
477819777	500	101246	0.574425	0.425575	0.487108	0.512892
477819777	500	101247	0.581277	0.418723	0.48631	0.51369
477819777	500	101248	0.589182	0.410818	0.482933	0.517067
477819777	500	101249	0.587841	0.412159	0.482773	0.517227
477819777	500	101250	0.589713	0.410287	0.492777	0.507223
477819777	500	101251	0.597497	0.402503	0.492271	0.507729
477819777	500	101252	0.56799	0.43201	0.504188	0.495812
477819777	500	101253	0.572337	0.427663	0.503623	0.496377
477819777	500	101254	0.574544	0.425456	0.498789	0.501211
477819777	500	101255	0.557058	0.442942	0.499396	0.500604
477819777	500	101256	0.558984	0.441016	0.516393	0.483607
477819777	500	101257	0.546145	0.453855	0.515018	0.484982
477819777	500	101258	0.555688	0.444312	0.540225	0.459775
477819777	500	101259	0.560717	0.439283	0.531422	0.468578
477819777	500	101260	0.566667	0.433333	0.545817	0.454183
477819777	500	101261	0.568877	0.431123	0.540105	0.459895
477819777	500	101262	0.579011	0.420989	0.545024	0.454976
477819777	500	101263	0.587505	0.412495	0.550539	0.449461
477819777	500	101264	0.589692	0.410308	0.551462	0.448538
477819777	500	101265	0.608243	0.391757	0.54898	0.45102
477819777	500	101266	0.597638	0.402362	0.544715	0.455285
477819777	500	101267	0.596231	0.403769	0.553073	0.446927
477819777	500	101268	0.585167	0.414833	0.546347	0.453653
477819777	500	101269	0.589185	0.410815	0.535686	0.464314
477819777	500	101270	0.595075	0.404925	0.523583	0.476417
477819777	500	101271	0.595275	0.404725	0.51737	0.48263
477819777	500	101272	0.598394	0.401606	0.521514	0.478486
477819777	500	101273	0.60624	0.39376	0.531605	0.468395
477819777	500	101274	0.60049	0.39951	0.521552	0.478448
477819777	500	101275	0.597334	0.402666	0.517433	0.482567
477819777	500	101276	0.599197	0.400803	0.528287	0.471713
477819777	500	101277	0.607533	0.392467	0.516792	0.483208
477819777	500	101278	0.610484	0.389516	0.513492	0.486508
477819777	500	101279	0.602696	0.397304	0.520985	0.479015
477819777	500	101280	0.59858	0.40142	0.524351	0.475649
477819777	500	101281	0.595533	0.404467	0.524669	0.475331
477819777	500	101282	0.608559	0.391441	0.510803	0.489197
477819777	500	101283	0.606331	0.393669	0.504338	0.495662
477819777	500	101284	0.591754	0.408246	0.525732	0.474268
477819777	500	101285	0.604819	0.395181	0.516733	0.483267
477819777	500	101286	0.629163	0.370837	0.510244	0.489756
477819777	500	101287	0.629272	0.370728	0.510545	0.489455
477819777	500	101288	0.630298	0.369702	0.50367	0.49633
477819777	500	101289	0.637833	0.362167	0.501188	0.498812
477819777	500	101290	0.631388	0.368612	0.501392	0.498608
477819777	500	101291	0.6352	0.3648	0.5048	0.4952
477819777	500	101292	0.635854	0.364146	0.505798	0.494202
477819777	500	101293	0.643263	0.356737	0.506703	0.493297
477819777	500	101294	0.621912	0.378088	0.505622	0.494378
477819777	500	101295	0.626329	0.373671	0.5	0.5
477819777	500	101296	0.626623	0.373377	0.490142	0.509858
477819777	500	101297	0.62101	0.37899	0.496238	0.503762
477819777	500	101298	0.597271	0.402729	0.479261	0.520739
477819777	500	101299	0.598713	0.401287	0.466773	0.533227
477819777	500	101300	0.597318	0.402682	0.468295	0.531705
477819777	500	101301	0.601866	0.398134	0.469934	0.530066
477819777	500	101302	0.6	0.4	0.464032	0.535968
477819777	500	101303	0.613897	0.386103	0.45075	0.54925
477819777	500	101304	0.630726	0.369274	0.461508	0.538492
477819777	500	101305	0.631997	0.368003	0.459895	0.540105
477819777	500	101306	0.632329	0.367671	0.468553	0.531447
477819777	500	101307	0.623817	0.376183	0.466315	0.533685
477819777	500	101308	0.613121	0.386879	0.465191	0.534809
477819777	500	101309	0.605318	0.394682	0.459699	0.540301
477819777	500	101310	0.602133	0.397867	0.459407	0.540593
477819777	500	101311	0.599922	0.400078	0.46979	0.53021
477819777	500	101312	0.58449	0.41551	0.467059	0.532941
477819777	500	101313	0.586645	0.413355	0.465378	0.534622
477819777	500	101314	0.575696	0.424304	0.476813	0.523187
477819777	500	101315	0.579774	0.420226	0.487292	0.512708
477819777	500	101316	0.581782	0.418218	0.479596	0.520404
477819777	500	101317	0.58123	0.41877	0.49513	0.50487
477819777	500	101318	0.585141	0.414859	0.496016	0.503984
477819777	500	101319	0.571652	0.428348	0.496515	0.503485
477819777	500	101320	0.56148	0.43852	0.499397	0.500603
477819777	500	101321	0.558765	0.441235	0.494216	0.505784
477819777	500	101322	0.556827	0.443173	0.48982	0.51018
477819777	500	101323	0.56071	0.43929	0.494248	0.505752
477819777	500	101324	0.569346	0.430654	0.489846	0.510154
477819777	500	101325	0.562623	0.437377	0.475496	0.524504
477819777	500	101326	0.554675	0.445325	0.470113	0.529887
477819777	500	101327	0.555814	0.444186	0.460331	0.539669
477819777	500	101328	0.556358	0.443642	0.461109	0.538891
477819777	500	101329	0.566106	0.433894	0.449281	0.550719
477819777	500	101330	0.557853	0.442147	0.439034	0.560966
477819777	500	101331	0.545052	0.454948	0.449881	0.550119
477819777	500	101332	0.533685	0.466315	0.463328	0.536672
477819777	500	101333	0.538766	0.461234	0.466828	0.533172
477819777	500	101334	0.525257	0.474743	0.467836	0.532164
477819777	500	101335	0.528745	0.471255	0.468686	0.531314
477819777	500	101336	0.5154	0.4846	0.490349	0.509651
477819777	500	101337	0.498149	0.501851	0.496691	0.503309
477819777	500	101338	0.47981	0.52019	0.50485	0.49515
477819777	500	101339	0.473642	0.526358	0.488494	0.511506
477819777	500	101340	0.466479	0.533521	0.493424	0.506576
477819777	500	101341	0.463171	0.536829	0.495204	0.504796
477819777	500	101342	0.463149	0.536851	0.495034	0.504966
477819777	500	101343	0.468663	0.531337	0.484168	0.515832
477819777	500	101344	0.463023	0.536977	0.474522	0.525478
477819777	500	101345	0.449575	0.550425	0.469775	0.530225
477819777	500	101346	0.440096	0.559904	0.461939	0.538061
477819777	500	101347	0.449507	0.550493	0.477769	0.522231
477819777	500	101348	0.454474	0.545526	0.461664	0.538336
477819777	500	101349	0.435484	0.564516	0.471115	0.528885
477819777	500	101350	0.446043	0.553957	0.464772	0.535228
477819777	500	101351	0.438928	0.561072	0.468725	0.531275
477819777	500	101352	0.453958	0.546042	0.47504	0.52496
477819777	500	101353	0.42501	0.57499	0.46416	0.53584
477819777	500	101354	0.441502	0.558498	0.463563	0.536437
477819777	500	101355	0.439357	0.560643	0.44502	0.55498
477819777	500	101356	0.450099	0.549901	0.427586	0.572414
477819777	500	101357	0.461476	0.538524	0.41989	0.58011
477819777	500	101358	0.471306	0.528694	0.418797	0.581203
477819777	500	101359	0.487981	0.512019	0.409744	0.590256
477819777	500	101360	0.488124	0.511876	0.403831	0.596169
477819777	500	101361	0.482078	0.517922	0.410409	0.589591
477819777	500	101362	0.460198	0.539802	0.419394	0.580606
477819777	500	101363	0.466482	0.533518	0.417507	0.582493
477819777	500	101364	0.472871	0.527129	0.426263	0.573737
477819777	500	101365	0.481822	0.518178	0.428514	0.571486
477819777	500	101366	0.494728	0.505272	0.418706	0.581294
477819777	500	101367	0.504019	0.495981	0.422771	0.577229
477819777	500	101368	0.517642	0.482358	0.405427	0.594573
477819777	500	101369	0.530376	0.469624	0.414331	0.585669
477819777	500	101370	0.541339	0.458661	0.42561	0.57439
477819777	500	101371	0.526316	0.473684	0.406793	0.593207
477819777	500	101372	0.509844	0.490156	0.397346	0.602654
477819777	500	101373	0.503563	0.496437	0.396928	0.603072
477819777	500	101374	0.518341	0.481659	0.389647	0.610353
477819777	500	101375	0.511609	0.488391	0.38689	0.61311
477819777	500	101376	0.509127	0.490873	0.394355	0.605645
477819777	500	101377	0.487471	0.512529	0.373262	0.626738
477819777	500	101378	0.47463	0.52537	0.373248	0.626752
477819777	500	101379	0.467617	0.532383	0.364244	0.635756
477819777	500	101380	0.482879	0.517121	0.381893	0.618107
477819777	500	101381	0.487544	0.512456	0.367867	0.632133
477819777	500	101382	0.488198	0.511802	0.344182	0.655818
477819777	500	101383	0.490261	0.509739	0.336297	0.663703
477819777	500	101384	0.504178	0.495822	0.324085	0.675915
477819777	500	101385	0.509685	0.490315	0.307692	0.692308
477819777	500	101386	0.519983	0.480017	0.319863	0.680137
477819777	500	101387	0.531073	0.468927	0.325139	0.674861
477819777	500	101388	0.543038	0.456962	0.338443	0.661557
477819777	500	101389	0.531199	0.468801	0.352184	0.647816
477819777	500	101390	0.525982	0.474018	0.349738	0.650262
477819777	500	101391	0.527323	0.472677	0.351785	0.648215
477819777	500	101392	0.535137	0.464863	0.360539	0.639461
477819777	500	101393	0.526337	0.473663	0.34563	0.65437
477819777	500	101394	0.530442	0.469558	0.341777	0.658223
477819777	500	101395	0.523065	0.476935	0.335062	0.664938
477819777	500	101396	0.513878	0.486122	0.339608	0.660392
477819777	500	101397	0.520128	0.479872	0.334805	0.665195
477819777	500	101398	0.525941	0.474059	0.327273	0.672727
477819777	500	101399	0.523312	0.476688	0.333997	0.666003
477819777	500	101400	0.533855	0.466145	0.333742	0.666258
477819777	500	101401	0.53194	0.46806	0.321429	0.678571
477819777	500	101402	0.524104	0.475896	0.31986	0.68014
477819777	500	101403	0.539244	0.460756	0.329004	0.670996
477819777	500	101404	0.541085	0.458915	0.313718	0.686282
477819777	500	101405	0.541214	0.458786	0.327497	0.672503
477819777	500	101406	0.55309	0.44691	0.334006	0.665994
477819777	500	101407	0.543408	0.456592	0.312898	0.687102
477819777	500	101408	0.534951	0.465049	0.316199	0.683801
477819777	500	101409	0.540434	0.459566	0.312373	0.687627
477819777	500	101410	0.537792	0.462208	0.31298	0.68702
477819777	500	101411	0.533981	0.466019	0.300633	0.699367
477819777	500	101412	0.543965	0.456035	0.308647	0.691353
477819777	500	101413	0.562227	0.437773	0.306237	0.693763
477819777	500	101414	0.573506	0.426494	0.32329	0.67671
477819777	500	101415	0.570572	0.429428	0.318928	0.681072
477819777	500	101416	0.562475	0.437525	0.312224	0.687776
477819777	500	101417	0.561812	0.438188	0.32601	0.67399
477819777	500	101418	0.558674	0.441326	0.331006	0.668994
477819777	500	101419	0.566015	0.433985	0.330715	0.669285
477819777	500	101420	0.559663	0.440337	0.324174	0.675826
477819777	500	101421	0.55624	0.44376	0.344774	0.655226
477819777	500	101422	0.561731	0.438269	0.354293	0.645707
477819777	500	101423	0.575614	0.424386	0.350445	0.649555
477819777	500	101424	0.601996	0.398004	0.347094	0.652906
477819777	500	101425	0.597934	0.402066	0.332662	0.667338
477819777	500	101426	0.601064	0.398936	0.328247	0.671753
477819777	500	101427	0.599921	0.400079	0.322191	0.677809
477819777	500	101428	0.593836	0.406164	0.317537	0.682463
477819777	500	101429	0.579858	0.420142	0.307567	0.692433
477819777	500	101430	0.599451	0.400549	0.30559	0.69441
477819777	500	101431	0.616297	0.383703	0.309061	0.690939
477819777	500	101432	0.613924	0.386076	0.30623	0.69377
477819777	500	101433	0.61523	0.38477	0.315369	0.684631
477819777	500	101434	0.614215	0.385785	0.322681	0.677319
477819777	500	101435	0.605199	0.394801	0.333333	0.666667
477819777	500	101436	0.607795	0.392205	0.337012	0.662988
477819777	500	101437	0.607143	0.392857	0.328947	0.671053
477819777	500	101438	0.600727	0.399273	0.334126	0.665874
477819777	500	101439	0.595813	0.404187	0.331479	0.668521
477819777	500	101440	0.594347	0.405653	0.333601	0.666399
477819777	500	101441	0.583466	0.416534	0.313702	0.686298
477819777	500	101442	0.581065	0.418935	0.307505	0.692495
477819777	500	101443	0.566045	0.433955	0.319484	0.680516
477819777	500	101444	0.571986	0.428014	0.327862	0.672138
477819777	500	101445	0.570338	0.429662	0.336783	0.663217
477819777	500	101446	0.567482	0.432518	0.328873	0.671127
477819777	500	101447	0.564209	0.435791	0.336427	0.663573
477819777	500	101448	0.56438	0.43562	0.331871	0.668129
477819777	500	101449	0.570557	0.429443	0.335301	0.664699
477819777	500	101450	0.564255	0.435745	0.333873	0.666127
477819777	500	101451	0.571371	0.428629	0.326701	0.673299
477819777	500	101452	0.578676	0.421324	0.33589	0.66411
477819777	500	101453	0.57614	0.42386	0.323899	0.676101
477819777	500	101454	0.578717	0.421283	0.335207	0.664793
477819777	500	101455	0.580439	0.419561	0.32986	0.67014
477819777	500	101456	0.57285	0.42715	0.323955	0.676045
477819777	500	101457	0.575246	0.424754	0.325458	0.674542
477819777	500	101458	0.574209	0.425791	0.331492	0.668508
477819777	500	101459	0.559364	0.440636	0.328756	0.671244
477819777	500	101460	0.561811	0.438189	0.331301	0.668699
477819777	500	101461	0.571601	0.428399	0.340095	0.659905
477819777	500	101462	0.580784	0.419216	0.332653	0.667347
477819777	500	101463	0.590426	0.409574	0.356416	0.643584
477819777	500	101464	0.599841	0.400159	0.35268	0.64732
477819777	500	101465	0.595099	0.404901	0.368053	0.631947
477819777	500	101466	0.585813	0.414187	0.358068	0.641932
477819777	500	101467	0.600802	0.399198	0.359281	0.640719
477819777	500	101468	0.59992	0.40008	0.360689	0.639311
477819777	500	101469	0.587811	0.412189	0.361532	0.638468
477819777	500	101470	0.574074	0.425926	0.367647	0.632353
477819777	500	101471	0.567813	0.432187	0.366248	0.633752
477819777	500	101472	0.586041	0.413959	0.370961	0.629039
477819777	500	101473	0.581944	0.418056	0.371901	0.628099
477819777	500	101474	0.586207	0.413793	0.367239	0.632761
477819777	500	101475	0.596723	0.403277	0.369496	0.630504
477819777	500	101476	0.591218	0.408782	0.368737	0.631263
477819777	500	101477	0.604557	0.395443	0.361526	0.638474
477819777	500	101478	0.597687	0.402313	0.346308	0.653692
477819777	500	101479	0.592256	0.407744	0.346294	0.653706
477819777	500	101480	0.592623	0.407377	0.347809	0.652191
477819777	500	101481	0.603524	0.396476	0.352777	0.647223
477819777	500	101482	0.596296	0.403704	0.349416	0.650584
477819777	500	101483	0.59118	0.40882	0.340314	0.659686
477819777	500	101484	0.578499	0.421501	0.345957	0.654043
477819777	500	101485	0.586412	0.413588	0.34112	0.65888
477819777	500	101486	0.586304	0.413696	0.340791	0.659209
477819777	500	101487	0.561285	0.438715	0.356595	0.643405
477819777	500	101488	0.563702	0.436298	0.358227	0.641773
477819777	500	101489	0.543575	0.456425	0.359258	0.640742
477819777	500	101490	0.546307	0.453693	0.362147	0.637853
477819777	500	101491	0.544135	0.455865	0.366345	0.633655
477819777	500	101492	0.549615	0.450385	0.356381	0.643619
477819777	500	101493	0.544165	0.455835	0.363349	0.636651
477819777	500	101494	0.553116	0.446884	0.35688	0.64312
477819777	500	101495	0.552033	0.447967	0.359843	0.640157
477819777	500	101496	0.554183	0.445817	0.357028	0.642972
477819777	500	101497	0.564188	0.435812	0.349788	0.650212
477819777	500	101498	0.56855	0.43145	0.341434	0.658566
477819777	500	101499	0.569399	0.430601	0.343849	0.656151
477819777	500	101500	0.569801	0.430199	0.344868	0.655132
