ID	Td	gen	p1m_in_p3	p2m_in_p3	p1f_in_p3	p2f_in_p3
477819777	300	100300	0.461169	0.538831	0.281025	0.718975
477819777	300	100301	0.444624	0.555376	0.287411	0.712589
477819777	300	100302	0.446979	0.553021	0.279488	0.720512
477819777	300	100303	0.428571	0.571429	0.268486	0.731514
477819777	300	100304	0.42055	0.57945	0.276818	0.723182
477819777	300	100305	0.413946	0.586054	0.292576	0.707424
477819777	300	100306	0.406439	0.593561	0.286282	0.713718
477819777	300	100307	0.398867	0.601133	0.298259	0.701741
477819777	300	100308	0.398888	0.601112	0.290375	0.709625
477819777	300	100309	0.417129	0.582871	0.303471	0.696529
477819777	300	100310	0.398332	0.601668	0.307413	0.692587
477819777	300	100311	0.397736	0.602264	0.316706	0.683294
477819777	300	100312	0.390869	0.609131	0.319616	0.680384
477819777	300	100313	0.369645	0.630355	0.317772	0.682228
477819777	300	100314	0.369522	0.630478	0.308794	0.691206
477819777	300	100315	0.364669	0.635331	0.304863	0.695137
477819777	300	100316	0.350912	0.649088	0.302663	0.697337
477819777	300	100317	0.348323	0.651677	0.317647	0.682353
477819777	300	100318	0.354184	0.645816	0.316391	0.683609
477819777	300	100319	0.341172	0.658828	0.326776	0.673224
477819777	300	100320	0.315893	0.684107	0.323027	0.676973
477819777	300	100321	0.295374	0.704626	0.333468	0.666532
477819777	300	100322	0.284127	0.715873	0.330645	0.669355
477819777	300	100323	0.294374	0.705626	0.34168	0.65832
477819777	300	100324	0.282461	0.717539	0.340008	0.659992
477819777	300	100325	0.28158	0.71842	0.346296	0.653704
477819777	300	100326	0.284628	0.715372	0.330935	0.669065
477819777	300	100327	0.282301	0.717699	0.325563	0.674437
477819777	300	100328	0.271005	0.728995	0.326205	0.673795
477819777	300	100329	0.271605	0.728395	0.330655	0.669345
477819777	300	100330	0.261532	0.738468	0.313123	0.686877
477819777	300	100331	0.263629	0.736371	0.29347	0.70653
477819777	300	100332	0.265519	0.734481	0.296844	0.703156
477819777	300	100333	0.257402	0.742598	0.300365	0.699635
477819777	300	100334	0.273973	0.726027	0.288721	0.711279
477819777	300	100335	0.271221	0.728779	0.30285	0.69715
477819777	300	100336	0.266353	0.733647	0.326522	0.673478
477819777	300	100337	0.249178	0.750822	0.309969	0.690031
477819777	300	100338	0.260322	0.739678	0.298738	0.701262
477819777	300	100339	0.24744	0.75256	0.302462	0.697538
477819777	300	100340	0.244719	0.755281	0.310719	0.689281
477819777	300	100341	0.253089	0.746911	0.301084	0.698916
477819777	300	100342	0.240319	0.759681	0.297395	0.702605
477819777	300	100343	0.249404	0.750596	0.289686	0.710314
477819777	300	100344	0.236915	0.763085	0.289549	0.710451
477819777	300	100345	0.254878	0.745122	0.270472	0.729528
477819777	300	100346	0.259333	0.740667	0.267526	0.732474
477819777	300	100347	0.258222	0.741778	0.278676	0.721324
477819777	300	100348	0.238405	0.761595	0.270653	0.729347
477819777	300	100349	0.238172	0.761828	0.281361	0.718639
477819777	300	100350	0.23937	0.76063	0.284553	0.715447
477819777	300	100351	0.238208	0.761792	0.291482	0.708518
477819777	300	100352	0.231634	0.768366	0.297728	0.702272
477819777	300	100353	0.230521	0.769479	0.289734	0.710266
477819777	300	100354	0.218024	0.781976	0.284262	0.715738
477819777	300	100355	0.211632	0.788368	0.287639	0.712361
477819777	300	100356	0.225643	0.774357	0.281841	0.718159
477819777	300	100357	0.226139	0.773861	0.282424	0.717576
477819777	300	100358	0.243453	0.756547	0.283646	0.716354
477819777	300	100359	0.254847	0.745153	0.282092	0.717908
477819777	300	100360	0.262903	0.737097	0.292857	0.707143
477819777	300	100361	0.26796	0.73204	0.281614	0.718386
477819777	300	100362	0.261609	0.738391	0.277434	0.722566
477819777	300	100363	0.270593	0.729407	0.287897	0.712103
477819777	300	100364	0.274325	0.725675	0.303054	0.696946
477819777	300	100365	0.273167	0.726833	0.306593	0.693407
477819777	300	100366	0.267549	0.732451	0.295971	0.704029
477819777	300	100367	0.28464	0.71536	0.310024	0.689976
477819777	300	100368	0.275288	0.724712	0.315853	0.684147
477819777	300	100369	0.282775	0.717225	0.309401	0.690599
477819777	300	100370	0.271193	0.728807	0.307845	0.692155
477819777	300	100371	0.26434	0.73566	0.309932	0.690068
477819777	300	100372	0.258918	0.741082	0.311377	0.688623
477819777	300	100373	0.273344	0.726656	0.310746	0.689254
477819777	300	100374	0.293483	0.706517	0.314926	0.685074
477819777	300	100375	0.302249	0.697751	0.308415	0.691585
477819777	300	100376	0.299624	0.700376	0.30725	0.69275
477819777	300	100377	0.29444	0.70556	0.294767	0.705233
477819777	300	100378	0.291667	0.708333	0.279153	0.720847
477819777	300	100379	0.282828	0.717172	0.289901	0.710099
477819777	300	100380	0.274837	0.725163	0.300314	0.699686
477819777	300	100381	0.27538	0.72462	0.303843	0.696157
477819777	300	100382	0.275834	0.724166	0.302217	0.697783
477819777	300	100383	0.283588	0.716412	0.308274	0.691726
477819777	300	100384	0.283565	0.716435	0.303987	0.696013
477819777	300	100385	0.293397	0.706603	0.303521	0.696479
477819777	300	100386	0.287315	0.712685	0.322271	0.677729
477819777	300	100387	0.278396	0.721604	0.300564	0.699436
477819777	300	100388	0.285491	0.714509	0.313549	0.686451
477819777	300	100389	0.30116	0.69884	0.285383	0.714617
477819777	300	100390	0.318386	0.681614	0.294857	0.705143
477819777	300	100391	0.32011	0.67989	0.301548	0.698452
477819777	300	100392	0.326341	0.673659	0.292741	0.707259
477819777	300	100393	0.334791	0.665209	0.280483	0.719517
477819777	300	100394	0.324114	0.675886	0.279079	0.720921
477819777	300	100395	0.331619	0.668381	0.270926	0.729074
477819777	300	100396	0.339321	0.660679	0.27014	0.72986
477819777	300	100397	0.342699	0.657301	0.260412	0.739588
477819777	300	100398	0.32113	0.67887	0.271813	0.728187
477819777	300	100399	0.316286	0.683714	0.262002	0.737998
477819777	300	100400	0.321516	0.678484	0.271799	0.728201
477819777	300	100401	0.322685	0.677315	0.272655	0.727345
477819777	300	100402	0.319328	0.680672	0.285486	0.714514
477819777	300	100403	0.314196	0.685804	0.292226	0.707774
477819777	300	100404	0.310345	0.689655	0.294094	0.705906
477819777	300	100405	0.314607	0.685393	0.293461	0.706539
477819777	300	100406	0.313163	0.686837	0.297352	0.702648
477819777	300	100407	0.304383	0.695617	0.297713	0.702287
477819777	300	100408	0.303067	0.696933	0.297847	0.702153
477819777	300	100409	0.318474	0.681526	0.302789	0.697211
477819777	300	100410	0.328589	0.671411	0.299882	0.700118
477819777	300	100411	0.323288	0.676712	0.307975	0.692025
477819777	300	100412	0.316848	0.683152	0.310386	0.689614
477819777	300	100413	0.304313	0.695687	0.305288	0.694712
477819777	300	100414	0.284282	0.715718	0.315642	0.684358
477819777	300	100415	0.277256	0.722744	0.330067	0.669933
477819777	300	100416	0.269956	0.730044	0.324292	0.675708
477819777	300	100417	0.284441	0.715559	0.322275	0.677725
477819777	300	100418	0.269447	0.730553	0.313248	0.686752
477819777	300	100419	0.271951	0.728049	0.311417	0.688583
477819777	300	100420	0.270541	0.729459	0.316168	0.683832
477819777	300	100421	0.277756	0.722244	0.320466	0.679534
477819777	300	100422	0.260504	0.739496	0.321871	0.678129
477819777	300	100423	0.257582	0.742418	0.3241	0.6759
477819777	300	100424	0.264143	0.735857	0.322892	0.677108
477819777	300	100425	0.263718	0.736282	0.318217	0.681783
477819777	300	100426	0.262695	0.737305	0.335334	0.664666
477819777	300	100427	0.269596	0.730404	0.35004	0.64996
477819777	300	100428	0.267145	0.732855	0.342295	0.657705
477819777	300	100429	0.265016	0.734984	0.336356	0.663644
477819777	300	100430	0.267793	0.732207	0.332272	0.667728
477819777	300	100431	0.267283	0.732717	0.319268	0.680732
477819777	300	100432	0.27498	0.72502	0.322695	0.677305
477819777	300	100433	0.260508	0.739492	0.298224	0.701776
477819777	300	100434	0.266379	0.733621	0.30355	0.69645
477819777	300	100435	0.260404	0.739596	0.297941	0.702059
477819777	300	100436	0.267836	0.732164	0.290245	0.709755
477819777	300	100437	0.258115	0.741885	0.303725	0.696275
477819777	300	100438	0.2505	0.7495	0.303079	0.696921
477819777	300	100439	0.251492	0.748508	0.305187	0.694813
477819777	300	100440	0.244808	0.755192	0.291667	0.708333
477819777	300	100441	0.254531	0.745469	0.291633	0.708367
477819777	300	100442	0.25712	0.74288	0.299561	0.700439
477819777	300	100443	0.25601	0.74399	0.304313	0.695687
477819777	300	100444	0.257039	0.742961	0.31424	0.68576
477819777	300	100445	0.259259	0.740741	0.315789	0.684211
477819777	300	100446	0.269934	0.730066	0.311239	0.688761
477819777	300	100447	0.275502	0.724498	0.322311	0.677689
477819777	300	100448	0.268839	0.731161	0.323379	0.676621
477819777	300	100449	0.254464	0.745536	0.321372	0.678628
477819777	300	100450	0.2588	0.7412	0.3328	0.6672
477819777	300	100451	0.24182	0.75818	0.32919	0.67081
477819777	300	100452	0.240062	0.759938	0.322956	0.677044
477819777	300	100453	0.232072	0.767928	0.335093	0.664907
477819777	300	100454	0.235248	0.764752	0.313131	0.686869
477819777	300	100455	0.231907	0.768093	0.294118	0.705882
477819777	300	100456	0.232806	0.767194	0.293927	0.706073
477819777	300	100457	0.234964	0.765036	0.28332	0.71668
477819777	300	100458	0.245389	0.754611	0.28731	0.71269
477819777	300	100459	0.25974	0.74026	0.282334	0.717666
477819777	300	100460	0.262695	0.737305	0.292917	0.707083
477819777	300	100461	0.251597	0.748403	0.30649	0.69351
477819777	300	100462	0.245062	0.754938	0.299325	0.700675
477819777	300	100463	0.255624	0.744376	0.299413	0.700587
477819777	300	100464	0.254886	0.745114	0.299135	0.700865
477819777	300	100465	0.259464	0.740536	0.298295	0.701705
477819777	300	100466	0.26101	0.73899	0.306139	0.693861
477819777	300	100467	0.252842	0.747158	0.309514	0.690486
477819777	300	100468	0.260104	0.739896	0.311875	0.688125
477819777	300	100469	0.269608	0.730392	0.314655	0.685345
477819777	300	100470	0.26996	0.73004	0.309717	0.690283
477819777	300	100471	0.275149	0.724851	0.317103	0.682897
477819777	300	100472	0.274213	0.725787	0.308656	0.691344
477819777	300	100473	0.27291	0.72709	0.306131	0.693869
477819777	300	100474	0.27907	0.72093	0.294762	0.705238
477819777	300	100475	0.280159	0.719841	0.28871	0.71129
477819777	300	100476	0.271845	0.728155	0.290744	0.709256
477819777	300	100477	0.278781	0.721219	0.2856	0.7144
477819777	300	100478	0.256655	0.743345	0.283931	0.716069
477819777	300	100479	0.248907	0.751093	0.292958	0.707042
477819777	300	100480	0.249897	0.750103	0.307273	0.692727
477819777	300	100481	0.25599	0.74401	0.317708	0.682292
477819777	300	100482	0.257765	0.742235	0.319714	0.680286
477819777	300	100483	0.274156	0.725844	0.318663	0.681337
477819777	300	100484	0.276715	0.723285	0.326645	0.673355
477819777	300	100485	0.278574	0.721426	0.322782	0.677218
477819777	300	100486	0.293413	0.706587	0.321443	0.678557
477819777	300	100487	0.2908	0.7092	0.3128	0.6872
477819777	300	100488	0.292634	0.707366	0.305755	0.694245
477819777	300	100489	0.297478	0.702522	0.308286	0.691714
477819777	300	100490	0.310921	0.689079	0.309848	0.690152
477819777	300	100491	0.314184	0.685816	0.308562	0.691438
477819777	300	100492	0.300322	0.699678	0.287361	0.712639
477819777	300	100493	0.307692	0.692308	0.290646	0.709354
477819777	300	100494	0.29553	0.70447	0.291796	0.708204
477819777	300	100495	0.305488	0.694512	0.290642	0.709358
477819777	300	100496	0.293062	0.706938	0.28451	0.71549
477819777	300	100497	0.288266	0.711734	0.285376	0.714624
477819777	300	100498	0.286493	0.713507	0.272727	0.727273
477819777	300	100499	0.273951	0.726049	0.287793	0.712207
477819777	300	100500	0.265546	0.734454	0.2763	0.7237
477819777	300	100501	0.265133	0.734867	0.27042	0.72958
477819777	300	100502	0.252003	0.747997	0.269968	0.730032
477819777	300	100503	0.25158	0.74842	0.267423	0.732577
477819777	300	100504	0.268107	0.731893	0.259096	0.740904
477819777	300	100505	0.269231	0.730769	0.251631	0.748369
477819777	300	100506	0.265182	0.734818	0.255336	0.744664
477819777	300	100507	0.25498	0.74502	0.245783	0.754217
477819777	300	100508	0.264871	0.735129	0.237261	0.762739
477819777	300	100509	0.267311	0.732689	0.239666	0.760334
477819777	300	100510	0.261943	0.738057	0.254019	0.745981
477819777	300	100511	0.263799	0.736201	0.24724	0.75276
477819777	300	100512	0.269672	0.730328	0.249696	0.750304
477819777	300	100513	0.269729	0.730271	0.236853	0.763147
477819777	300	100514	0.266317	0.733683	0.235504	0.764496
477819777	300	100515	0.275328	0.724672	0.233588	0.766412
477819777	300	100516	0.27673	0.72327	0.228013	0.771987
477819777	300	100517	0.281634	0.718366	0.250908	0.749092
477819777	300	100518	0.281719	0.718281	0.255034	0.744966
477819777	300	100519	0.281437	0.718563	0.260922	0.739078
477819777	300	100520	0.289757	0.710243	0.27499	0.72501
477819777	300	100521	0.278154	0.721846	0.259751	0.740249
477819777	300	100522	0.275398	0.724602	0.252256	0.747744
477819777	300	100523	0.27295	0.72705	0.25971	0.74029
477819777	300	100524	0.26506	0.73494	0.249004	0.750996
477819777	300	100525	0.269912	0.730088	0.250597	0.749403
477819777	300	100526	0.258038	0.741962	0.25521	0.74479
477819777	300	100527	0.253962	0.746038	0.253635	0.746365
477819777	300	100528	0.26898	0.73102	0.248627	0.751373
477819777	300	100529	0.263575	0.736425	0.259588	0.740412
477819777	300	100530	0.275409	0.724591	0.254918	0.745082
477819777	300	100531	0.28173	0.71827	0.271971	0.728029
477819777	300	100532	0.260425	0.739575	0.267697	0.732303
477819777	300	100533	0.25	0.75	0.263264	0.736736
477819777	300	100534	0.239968	0.760032	0.262183	0.737817
477819777	300	100535	0.23854	0.76146	0.261933	0.738067
477819777	300	100536	0.248592	0.751408	0.268099	0.731901
477819777	300	100537	0.251002	0.748998	0.274541	0.725459
477819777	300	100538	0.250796	0.749204	0.28537	0.71463
477819777	300	100539	0.250999	0.749001	0.276621	0.723379
477819777	300	100540	0.252542	0.747458	0.286108	0.713892
477819777	300	100541	0.256595	0.743405	0.288231	0.711769
477819777	300	100542	0.254115	0.745885	0.290953	0.709047
477819777	300	100543	0.24859	0.75141	0.274821	0.725179
477819777	300	100544	0.257876	0.742124	0.27254	0.72746
477819777	300	100545	0.240993	0.759007	0.273381	0.726619
477819777	300	100546	0.245484	0.754516	0.274181	0.725819
477819777	300	100547	0.249699	0.750301	0.280639	0.719361
477819777	300	100548	0.248395	0.751605	0.276715	0.723285
477819777	300	100549	0.244873	0.755127	0.280541	0.719459
477819777	300	100550	0.242742	0.757258	0.287302	0.712698
477819777	300	100551	0.258307	0.741693	0.275081	0.724919
477819777	300	100552	0.248585	0.751415	0.272367	0.727633
477819777	300	100553	0.243883	0.756117	0.274128	0.725872
477819777	300	100554	0.243625	0.756375	0.284782	0.715218
477819777	300	100555	0.255294	0.744706	0.273469	0.726531
477819777	300	100556	0.244794	0.755206	0.270876	0.729124
477819777	300	100557	0.256205	0.743795	0.264189	0.735811
477819777	300	100558	0.252533	0.747467	0.253454	0.746546
477819777	300	100559	0.241244	0.758756	0.251322	0.748678
477819777	300	100560	0.23758	0.76242	0.246805	0.753195
477819777	300	100561	0.234337	0.765663	0.247443	0.752557
477819777	300	100562	0.243496	0.756504	0.256693	0.743307
477819777	300	100563	0.244418	0.755582	0.25321	0.74679
477819777	300	100564	0.241719	0.758281	0.245536	0.754464
477819777	300	100565	0.261557	0.738443	0.237748	0.762252
477819777	300	100566	0.264205	0.735795	0.248028	0.751972
477819777	300	100567	0.268924	0.731076	0.254618	0.745382
477819777	300	100568	0.262089	0.737911	0.23395	0.76605
477819777	300	100569	0.259289	0.740711	0.235082	0.764918
477819777	300	100570	0.259953	0.740047	0.235029	0.764971
477819777	300	100571	0.25697	0.74303	0.23802	0.76198
477819777	300	100572	0.24511	0.75489	0.228858	0.771142
477819777	300	100573	0.235479	0.764521	0.237357	0.762643
477819777	300	100574	0.237569	0.762431	0.230738	0.769262
477819777	300	100575	0.234381	0.765619	0.227583	0.772417
477819777	300	100576	0.233468	0.766532	0.227778	0.772222
477819777	300	100577	0.227528	0.772472	0.22807	0.77193
477819777	300	100578	0.215514	0.784486	0.231293	0.768707
477819777	300	100579	0.214171	0.785829	0.222222	0.777778
477819777	300	100580	0.219902	0.780098	0.218921	0.781079
477819777	300	100581	0.233129	0.766871	0.221526	0.778474
477819777	300	100582	0.222222	0.777778	0.225	0.775
477819777	300	100583	0.217425	0.782575	0.231648	0.768352
477819777	300	100584	0.221184	0.778816	0.227385	0.772615
477819777	300	100585	0.2228	0.7772	0.2316	0.7684
477819777	300	100586	0.221952	0.778048	0.233505	0.766495
477819777	300	100587	0.222706	0.777294	0.229369	0.770631
477819777	300	100588	0.227754	0.772246	0.230706	0.769294
477819777	300	100589	0.219117	0.780883	0.220466	0.779534
477819777	300	100590	0.218386	0.781614	0.218812	0.781188
477819777	300	100591	0.227309	0.772691	0.22988	0.77012
477819777	300	100592	0.222311	0.777689	0.231727	0.768273
477819777	300	100593	0.227327	0.772673	0.230677	0.769323
477819777	300	100594	0.222887	0.777113	0.23756	0.76244
477819777	300	100595	0.219298	0.780702	0.231942	0.768058
477819777	300	100596	0.220086	0.779914	0.230926	0.769074
477819777	300	100597	0.221763	0.778237	0.224158	0.775842
477819777	300	100598	0.237847	0.762153	0.236957	0.763043
477819777	300	100599	0.242349	0.757651	0.244771	0.755229
477819777	300	100600	0.234783	0.765217	0.237652	0.762348
477819777	300	100601	0.236853	0.763147	0.246054	0.753946
477819777	300	100602	0.249294	0.750706	0.240777	0.759223
477819777	300	100603	0.230213	0.769787	0.242931	0.757069
477819777	300	100604	0.224042	0.775958	0.234375	0.765625
477819777	300	100605	0.226181	0.773819	0.216227	0.783773
477819777	300	100606	0.237248	0.762752	0.218535	0.781465
477819777	300	100607	0.239017	0.760983	0.209607	0.790393
477819777	300	100608	0.235569	0.764431	0.204433	0.795567
477819777	300	100609	0.229469	0.770531	0.198728	0.801272
477819777	300	100610	0.230219	0.769781	0.196378	0.803622
477819777	300	100611	0.222622	0.777378	0.20016	0.79984
477819777	300	100612	0.215434	0.784566	0.187898	0.812102
477819777	300	100613	0.235032	0.764968	0.172864	0.827136
477819777	300	100614	0.216442	0.783558	0.166801	0.833199
477819777	300	100615	0.20976	0.79024	0.168361	0.831639
477819777	300	100616	0.214717	0.785283	0.165539	0.834461
477819777	300	100617	0.213261	0.786739	0.165221	0.834779
477819777	300	100618	0.208901	0.791099	0.176377	0.823623
477819777	300	100619	0.2	0.8	0.179406	0.820594
477819777	300	100620	0.195799	0.804201	0.185709	0.814291
477819777	300	100621	0.207428	0.792572	0.189145	0.810855
477819777	300	100622	0.203842	0.796158	0.191507	0.808493
477819777	300	100623	0.211891	0.788109	0.190858	0.809142
477819777	300	100624	0.22093	0.77907	0.177574	0.822426
477819777	300	100625	0.219532	0.780468	0.164948	0.835052
477819777	300	100626	0.212485	0.787515	0.148741	0.851259
477819777	300	100627	0.203755	0.796245	0.146175	0.853825
477819777	300	100628	0.216588	0.783412	0.138029	0.861971
477819777	300	100629	0.211972	0.788028	0.136275	0.863725
477819777	300	100630	0.205263	0.794737	0.133992	0.866008
477819777	300	100631	0.199035	0.800965	0.125348	0.874652
477819777	300	100632	0.186774	0.813226	0.129741	0.870259
477819777	300	100633	0.185243	0.814757	0.118271	0.881729
477819777	300	100634	0.193182	0.806818	0.114379	0.885621
477819777	300	100635	0.197095	0.802905	0.112923	0.887077
477819777	300	100636	0.19069	0.80931	0.105841	0.894159
477819777	300	100637	0.183698	0.816302	0.103823	0.896177
477819777	300	100638	0.180454	0.819546	0.104578	0.895422
477819777	300	100639	0.175729	0.824271	0.104793	0.895207
477819777	300	100640	0.179631	0.820369	0.0961692	0.903831
477819777	300	100641	0.175369	0.824631	0.0967483	0.903252
477819777	300	100642	0.1666	0.8334	0.104275	0.895725
477819777	300	100643	0.167801	0.832199	0.102277	0.897723
477819777	300	100644	0.169097	0.830903	0.10881	0.89119
477819777	300	100645	0.169152	0.830848	0.0999184	0.900082
477819777	300	100646	0.161367	0.838633	0.104267	0.895733
477819777	300	100647	0.161003	0.838997	0.099288	0.900712
477819777	300	100648	0.168836	0.831164	0.0864097	0.91359
477819777	300	100649	0.173225	0.826775	0.095858	0.904142
477819777	300	100650	0.162227	0.837773	0.0973843	0.902616
477819777	300	100651	0.173349	0.826651	0.0916124	0.908388
477819777	300	100652	0.159438	0.840562	0.0860558	0.913944
477819777	300	100653	0.169243	0.830757	0.0795317	0.920468
477819777	300	100654	0.172442	0.827558	0.0851983	0.914802
477819777	300	100655	0.174749	0.825251	0.0850299	0.91497
477819777	300	100656	0.17498	0.82502	0.08393	0.91607
477819777	300	100657	0.193004	0.806996	0.0809339	0.919066
477819777	300	100658	0.182571	0.817429	0.0746753	0.925325
477819777	300	100659	0.181235	0.818765	0.07502	0.92498
477819777	300	100660	0.180868	0.819132	0.0728503	0.92715
477819777	300	100661	0.194136	0.805864	0.0807754	0.919225
477819777	300	100662	0.19129	0.80871	0.0774676	0.922532
477819777	300	100663	0.190913	0.809087	0.0798876	0.920112
477819777	300	100664	0.185404	0.814596	0.084787	0.915213
477819777	300	100665	0.191653	0.808347	0.0884676	0.911532
477819777	300	100666	0.192664	0.807336	0.0881302	0.91187
477819777	300	100667	0.187946	0.812054	0.0920097	0.90799
477819777	300	100668	0.177922	0.822078	0.0973486	0.902651
477819777	300	100669	0.186883	0.813117	0.101256	0.898744
477819777	300	100670	0.206592	0.793408	0.109475	0.890525
477819777	300	100671	0.212245	0.787755	0.113725	0.886275
477819777	300	100672	0.213451	0.786549	0.118792	0.881208
477819777	300	100673	0.225082	0.774918	0.117555	0.882445
477819777	300	100674	0.228906	0.771094	0.103845	0.896155
477819777	300	100675	0.232279	0.767721	0.10867	0.89133
477819777	300	100676	0.217045	0.782955	0.108477	0.891523
477819777	300	100677	0.221057	0.778943	0.104324	0.895676
477819777	300	100678	0.213382	0.786618	0.107101	0.892899
477819777	300	100679	0.20855	0.79145	0.103324	0.896676
477819777	300	100680	0.214173	0.785827	0.115041	0.884959
477819777	300	100681	0.221301	0.778699	0.125242	0.874758
477819777	300	100682	0.231844	0.768156	0.130714	0.869286
477819777	300	100683	0.229638	0.770362	0.134917	0.865083
477819777	300	100684	0.221993	0.778007	0.127138	0.872862
477819777	300	100685	0.214812	0.785188	0.116588	0.883412
477819777	300	100686	0.219162	0.780838	0.121844	0.878156
477819777	300	100687	0.224638	0.775362	0.110095	0.889905
477819777	300	100688	0.219736	0.780264	0.104926	0.895074
477819777	300	100689	0.21397	0.78603	0.109207	0.890793
477819777	300	100690	0.216819	0.783181	0.113609	0.886391
477819777	300	100691	0.222222	0.777778	0.115743	0.884257
477819777	300	100692	0.228526	0.771474	0.114137	0.885863
477819777	300	100693	0.220367	0.779633	0.110413	0.889587
477819777	300	100694	0.235365	0.764635	0.106619	0.893381
477819777	300	100695	0.246266	0.753734	0.103845	0.896155
477819777	300	100696	0.241476	0.758524	0.10371	0.89629
477819777	300	100697	0.248003	0.751997	0.102965	0.897035
477819777	300	100698	0.256132	0.743868	0.097891	0.902109
477819777	300	100699	0.271615	0.728385	0.0992936	0.900706
477819777	300	100700	0.258012	0.741988	0.0942801	0.90572
477819777	300	100701	0.253154	0.746846	0.100275	0.899725
477819777	300	100702	0.235294	0.764706	0.104986	0.895014
477819777	300	100703	0.242509	0.757491	0.102924	0.897076
477819777	300	100704	0.249499	0.750501	0.111288	0.888712
477819777	300	100705	0.257819	0.742181	0.110535	0.889465
477819777	300	100706	0.245078	0.754922	0.113102	0.886898
477819777	300	100707	0.239745	0.760255	0.103656	0.896344
477819777	300	100708	0.238681	0.761319	0.100322	0.899678
477819777	300	100709	0.2348	0.7652	0.1024	0.8976
477819777	300	100710	0.225806	0.774194	0.105263	0.894737
477819777	300	100711	0.239292	0.760708	0.0975894	0.902411
477819777	300	100712	0.242015	0.757985	0.0895231	0.910477
477819777	300	100713	0.241687	0.758313	0.0880032	0.911997
477819777	300	100714	0.231106	0.768894	0.0905068	0.909493
477819777	300	100715	0.236312	0.763688	0.0977742	0.902226
477819777	300	100716	0.230392	0.769608	0.0920846	0.907915
477819777	300	100717	0.223434	0.776566	0.0910891	0.908911
477819777	300	100718	0.207283	0.792717	0.0811675	0.918832
477819777	300	100719	0.208447	0.791553	0.0790012	0.920999
477819777	300	100720	0.209302	0.790698	0.0848559	0.915144
477819777	300	100721	0.203107	0.796893	0.0837113	0.916289
477819777	300	100722	0.19378	0.80622	0.0722311	0.927769
477819777	300	100723	0.191136	0.808864	0.0683381	0.931662
477819777	300	100724	0.185373	0.814627	0.0724519	0.927548
477819777	300	100725	0.192561	0.807439	0.079785	0.920215
477819777	300	100726	0.192138	0.807862	0.0805744	0.919426
477819777	300	100727	0.178542	0.821458	0.0789679	0.921032
477819777	300	100728	0.176054	0.823946	0.0812678	0.918732
477819777	300	100729	0.180972	0.819028	0.0782609	0.921739
477819777	300	100730	0.182647	0.817353	0.0799677	0.920032
477819777	300	100731	0.182001	0.817999	0.0776583	0.922342
477819777	300	100732	0.194322	0.805678	0.0712285	0.928772
477819777	300	100733	0.198582	0.801418	0.0735175	0.926483
477819777	300	100734	0.195006	0.804994	0.079128	0.920872
477819777	300	100735	0.191847	0.808153	0.0740592	0.925941
477819777	300	100736	0.199442	0.800558	0.0826314	0.917369
477819777	300	100737	0.19337	0.80663	0.0823195	0.91768
477819777	300	100738	0.199436	0.800564	0.0778396	0.92216
477819777	300	100739	0.209405	0.790595	0.0808121	0.919188
477819777	300	100740	0.189796	0.810204	0.085098	0.914902
477819777	300	100741	0.195876	0.804124	0.0807103	0.91929
477819777	300	100742	0.205168	0.794832	0.082175	0.917825
477819777	300	100743	0.203992	0.796008	0.0805611	0.919439
477819777	300	100744	0.202758	0.797242	0.0730071	0.926993
477819777	300	100745	0.199836	0.800164	0.0770133	0.922987
477819777	300	100746	0.189427	0.810573	0.0850979	0.914902
477819777	300	100747	0.178782	0.821218	0.0835031	0.916497
477819777	300	100748	0.184295	0.815705	0.0786741	0.921326
477819777	300	100749	0.188889	0.811111	0.0774194	0.922581
477819777	300	100750	0.194579	0.805421	0.0842563	0.915744
477819777	300	100751	0.188893	0.811107	0.0856692	0.914331
477819777	300	100752	0.187374	0.812626	0.0875448	0.912455
477819777	300	100753	0.208682	0.791318	0.0887907	0.911209
477819777	300	100754	0.227679	0.772321	0.0875394	0.912461
477819777	300	100755	0.230392	0.769608	0.0873824	0.912618
477819777	300	100756	0.233148	0.766852	0.0883777	0.911622
477819777	300	100757	0.241909	0.758091	0.0878165	0.912184
477819777	300	100758	0.255278	0.744722	0.0909091	0.909091
477819777	300	100759	0.270036	0.729964	0.0887718	0.911228
477819777	300	100760	0.272618	0.727382	0.0827696	0.91723
477819777	300	100761	0.279236	0.720764	0.0744167	0.925583
477819777	300	100762	0.263013	0.736987	0.0714286	0.928571
477819777	300	100763	0.259155	0.740845	0.073161	0.926839
477819777	300	100764	0.250684	0.749316	0.0785919	0.921408
477819777	300	100765	0.263434	0.736566	0.0780198	0.92198
477819777	300	100766	0.265889	0.734111	0.0771679	0.922832
477819777	300	100767	0.253471	0.746529	0.070593	0.929407
477819777	300	100768	0.242987	0.757013	0.0696638	0.930336
477819777	300	100769	0.225139	0.774861	0.069992	0.930008
477819777	300	100770	0.220869	0.779131	0.0713441	0.928656
477819777	300	100771	0.227853	0.772147	0.0653569	0.934643
477819777	300	100772	0.232389	0.767611	0.0624506	0.937549
477819777	300	100773	0.228049	0.771951	0.0579944	0.942006
477819777	300	100774	0.223022	0.776978	0.0644516	0.935548
477819777	300	100775	0.222973	0.777027	0.0619968	0.938003
477819777	300	100776	0.22503	0.77497	0.0606302	0.93937
477819777	300	100777	0.232352	0.767648	0.0610869	0.938913
477819777	300	100778	0.214782	0.785218	0.0607605	0.93924
477819777	300	100779	0.228084	0.771916	0.0609117	0.939088
477819777	300	100780	0.242436	0.757564	0.0618971	0.938103
477819777	300	100781	0.244698	0.755302	0.0541972	0.945803
477819777	300	100782	0.250682	0.749318	0.0521561	0.947844
477819777	300	100783	0.250708	0.749292	0.0550059	0.944994
477819777	300	100784	0.239778	0.760222	0.0548166	0.945183
477819777	300	100785	0.246022	0.753978	0.0533543	0.946646
477819777	300	100786	0.236378	0.763622	0.0579073	0.942093
477819777	300	100787	0.227956	0.772044	0.0559275	0.944072
477819777	300	100788	0.234755	0.765245	0.058611	0.941389
477819777	300	100789	0.253191	0.746809	0.0614547	0.938545
477819777	300	100790	0.257582	0.742418	0.0755837	0.924416
477819777	300	100791	0.256273	0.743727	0.0696769	0.930323
477819777	300	100792	0.266476	0.733524	0.0778256	0.922174
477819777	300	100793	0.264321	0.735679	0.0770736	0.922926
477819777	300	100794	0.268341	0.731659	0.0814607	0.918539
477819777	300	100795	0.266965	0.733035	0.076408	0.923592
477819777	300	100796	0.269246	0.730754	0.0660118	0.933988
477819777	300	100797	0.26986	0.73014	0.0621242	0.937876
477819777	300	100798	0.268225	0.731775	0.0601777	0.939822
477819777	300	100799	0.266774	0.733226	0.0621536	0.937846
477819777	300	100800	0.259517	0.740483	0.0614001	0.9386
477819777	300	100801	0.264263	0.735737	0.0601777	0.939822
477819777	300	100802	0.268156	0.731844	0.0629511	0.937049
477819777	300	100803	0.268717	0.731283	0.0620799	0.93792
477819777	300	100804	0.255102	0.744898	0.064845	0.935155
477819777	300	100805	0.25356	0.74644	0.0643204	0.93568
477819777	300	100806	0.248303	0.751697	0.0673347	0.932665
477819777	300	100807	0.236663	0.763337	0.0650179	0.934982
477819777	300	100808	0.2503	0.7497	0.067519	0.932481
477819777	300	100809	0.256215	0.743785	0.065842	0.934158
477819777	300	100810	0.262159	0.737841	0.0772966	0.922703
477819777	300	100811	0.250607	0.749393	0.0770751	0.922925
477819777	300	100812	0.254198	0.745802	0.0877409	0.912259
477819777	300	100813	0.252084	0.747916	0.0870617	0.912938
477819777	300	100814	0.263179	0.736821	0.0893429	0.910657
477819777	300	100815	0.266226	0.733774	0.0871755	0.912824
477819777	300	100816	0.268213	0.731787	0.0857255	0.914274
477819777	300	100817	0.249309	0.750691	0.0866748	0.913325
477819777	300	100818	0.248295	0.751705	0.0909454	0.909055
477819777	300	100819	0.2564	0.7436	0.0838913	0.916109
477819777	300	100820	0.251884	0.748116	0.0810811	0.918919
477819777	300	100821	0.25132	0.74868	0.0780449	0.921955
477819777	300	100822	0.236289	0.763711	0.0761165	0.923883
477819777	300	100823	0.228455	0.771545	0.0779528	0.922047
477819777	300	100824	0.226186	0.773814	0.0857493	0.914251
477819777	300	100825	0.23032	0.76968	0.0875103	0.91249
477819777	300	100826	0.245487	0.754513	0.081771	0.918229
477819777	300	100827	0.245948	0.754052	0.0793839	0.920616
477819777	300	100828	0.252423	0.747577	0.0657686	0.934231
477819777	300	100829	0.248213	0.751787	0.0652699	0.93473
477819777	300	100830	0.233913	0.766087	0.0723606	0.927639
477819777	300	100831	0.251397	0.748603	0.0661588	0.933841
477819777	300	100832	0.26361	0.73639	0.0645287	0.935471
477819777	300	100833	0.249594	0.750406	0.0642744	0.935726
477819777	300	100834	0.258404	0.741596	0.0632161	0.936784
477819777	300	100835	0.246696	0.753304	0.0623252	0.937675
477819777	300	100836	0.243979	0.756021	0.0632347	0.936765
477819777	300	100837	0.241825	0.758175	0.0570749	0.942925
477819777	300	100838	0.256482	0.743518	0.0549539	0.945046
477819777	300	100839	0.261113	0.738887	0.0555334	0.944467
477819777	300	100840	0.262684	0.737316	0.0547731	0.945227
477819777	300	100841	0.265118	0.734882	0.0539353	0.946065
477819777	300	100842	0.254862	0.745138	0.0533175	0.946682
477819777	300	100843	0.258781	0.741219	0.0590567	0.940943
477819777	300	100844	0.265207	0.734793	0.0659037	0.934096
477819777	300	100845	0.251706	0.748294	0.0689518	0.931048
477819777	300	100846	0.239872	0.760128	0.068209	0.931791
477819777	300	100847	0.234776	0.765224	0.0786741	0.921326
477819777	300	100848	0.238377	0.761623	0.0828595	0.917141
477819777	300	100849	0.24166	0.75834	0.0810386	0.918961
477819777	300	100850	0.253397	0.746603	0.0832666	0.916733
477819777	300	100851	0.276459	0.723541	0.0819085	0.918091
477819777	300	100852	0.270345	0.729655	0.0790004	0.921
477819777	300	100853	0.266263	0.733737	0.0847525	0.915248
477819777	300	100854	0.272874	0.727126	0.0833992	0.916601
477819777	300	100855	0.274402	0.725598	0.0869743	0.913026
477819777	300	100856	0.278785	0.721215	0.0921266	0.907873
477819777	300	100857	0.276529	0.723471	0.0993915	0.900609
477819777	300	100858	0.276217	0.723783	0.0938132	0.906187
477819777	300	100859	0.290258	0.709742	0.0929577	0.907042
477819777	300	100860	0.291399	0.708601	0.0887739	0.911226
477819777	300	100861	0.29311	0.70689	0.0912013	0.908799
477819777	300	100862	0.294426	0.705574	0.0891442	0.910856
477819777	300	100863	0.309932	0.690068	0.091055	0.908945
477819777	300	100864	0.312099	0.687901	0.0934505	0.90655
477819777	300	100865	0.321414	0.678586	0.0898107	0.910189
477819777	300	100866	0.34679	0.65321	0.097503	0.902497
477819777	300	100867	0.349369	0.650631	0.102273	0.897727
477819777	300	100868	0.364291	0.635709	0.11191	0.88809
477819777	300	100869	0.366559	0.633441	0.111863	0.888137
477819777	300	100870	0.373333	0.626667	0.105743	0.894257
477819777	300	100871	0.380276	0.619724	0.104665	0.895335
477819777	300	100872	0.383106	0.616894	0.101519	0.898481
477819777	300	100873	0.393416	0.606584	0.0948585	0.905141
477819777	300	100874	0.390204	0.609796	0.0921569	0.907843
477819777	300	100875	0.377876	0.622124	0.0915577	0.908442
477819777	300	100876	0.382711	0.617289	0.0900204	0.90998
477819777	300	100877	0.374338	0.625662	0.0899804	0.91002
477819777	300	100878	0.377023	0.622977	0.0953323	0.904668
477819777	300	100879	0.364002	0.635998	0.101155	0.898845
477819777	300	100880	0.382377	0.617623	0.101742	0.898258
477819777	300	100881	0.383174	0.616826	0.0959069	0.904093
477819777	300	100882	0.3828	0.6172	0.0984	0.9016
477819777	300	100883	0.39002	0.60998	0.108216	0.891784
477819777	300	100884	0.384492	0.615508	0.120496	0.879504
477819777	300	100885	0.375964	0.624036	0.121797	0.878203
477819777	300	100886	0.376051	0.623949	0.113863	0.886137
477819777	300	100887	0.379039	0.620961	0.121852	0.878148
477819777	300	100888	0.3666	0.6334	0.124453	0.875547
477819777	300	100889	0.37314	0.62686	0.122093	0.877907
477819777	300	100890	0.376305	0.623695	0.112749	0.887251
477819777	300	100891	0.385429	0.614571	0.110499	0.889501
477819777	300	100892	0.393114	0.606886	0.109912	0.890088
477819777	300	100893	0.379055	0.620945	0.109162	0.890838
477819777	300	100894	0.38184	0.61816	0.108152	0.891848
477819777	300	100895	0.382505	0.617495	0.101006	0.898994
477819777	300	100896	0.380065	0.619935	0.0924171	0.907583
477819777	300	100897	0.384067	0.615933	0.0976988	0.902301
477819777	300	100898	0.375295	0.624705	0.10537	0.89463
477819777	300	100899	0.372834	0.627166	0.104407	0.895593
477819777	300	100900	0.362151	0.637849	0.0983936	0.901606
477819777	300	100901	0.376301	0.623699	0.0995204	0.90048
477819777	300	100902	0.378917	0.621083	0.0979158	0.902084
477819777	300	100903	0.358498	0.641502	0.0991903	0.90081
477819777	300	100904	0.351807	0.648193	0.106375	0.893625
477819777	300	100905	0.349593	0.650407	0.111024	0.888976
477819777	300	100906	0.375892	0.624108	0.112994	0.887006
477819777	300	100907	0.377891	0.622109	0.107799	0.892201
477819777	300	100908	0.371265	0.628735	0.0934689	0.906531
477819777	300	100909	0.374446	0.625554	0.106391	0.893609
477819777	300	100910	0.385354	0.614646	0.108357	0.891643
477819777	300	100911	0.383578	0.616422	0.104074	0.895926
477819777	300	100912	0.390606	0.609394	0.107613	0.892387
477819777	300	100913	0.372683	0.627317	0.111994	0.888006
477819777	300	100914	0.371805	0.628195	0.114583	0.885417
477819777	300	100915	0.390938	0.609062	0.11652	0.88348
477819777	300	100916	0.386007	0.613993	0.116992	0.883008
477819777	300	100917	0.375254	0.624746	0.125442	0.874558
477819777	300	100918	0.377752	0.622248	0.133555	0.866445
477819777	300	100919	0.369176	0.630824	0.139815	0.860185
477819777	300	100920	0.367484	0.632516	0.140777	0.859223
477819777	300	100921	0.384023	0.615977	0.145225	0.854775
477819777	300	100922	0.389631	0.610369	0.144212	0.855788
477819777	300	100923	0.384801	0.615199	0.135694	0.864306
477819777	300	100924	0.386022	0.613978	0.133911	0.866089
477819777	300	100925	0.379897	0.620103	0.128993	0.871007
477819777	300	100926	0.37215	0.62785	0.121462	0.878538
477819777	300	100927	0.374706	0.625294	0.127146	0.872854
477819777	300	100928	0.365756	0.634244	0.128583	0.871417
477819777	300	100929	0.354787	0.645213	0.11973	0.88027
477819777	300	100930	0.35729	0.64271	0.120858	0.879142
477819777	300	100931	0.355654	0.644346	0.120511	0.879489
477819777	300	100932	0.38141	0.61859	0.127396	0.872604
477819777	300	100933	0.391838	0.608162	0.134087	0.865913
477819777	300	100934	0.394601	0.605399	0.145506	0.854494
477819777	300	100935	0.408541	0.591459	0.127879	0.872121
477819777	300	100936	0.413269	0.586731	0.123299	0.876701
477819777	300	100937	0.406439	0.593561	0.11173	0.88827
477819777	300	100938	0.407393	0.592607	0.117483	0.882517
477819777	300	100939	0.394372	0.605628	0.123537	0.876463
477819777	300	100940	0.396008	0.603992	0.11984	0.88016
477819777	300	100941	0.410671	0.589329	0.124703	0.875297
477819777	300	100942	0.417145	0.582855	0.130367	0.869633
477819777	300	100943	0.411577	0.588423	0.135471	0.864529
477819777	300	100944	0.424517	0.575483	0.134389	0.865611
477819777	300	100945	0.413722	0.586278	0.143024	0.856976
477819777	300	100946	0.408514	0.591486	0.136097	0.863903
477819777	300	100947	0.405925	0.594075	0.145883	0.854117
477819777	300	100948	0.411573	0.588427	0.130401	0.869599
477819777	300	100949	0.405564	0.594436	0.13031	0.86969
477819777	300	100950	0.405224	0.594776	0.123332	0.876668
477819777	300	100951	0.39739	0.60261	0.125051	0.874949
477819777	300	100952	0.401042	0.598958	0.134585	0.865415
477819777	300	100953	0.388618	0.611382	0.134252	0.865748
477819777	300	100954	0.388013	0.611987	0.131899	0.868101
477819777	300	100955	0.384431	0.615569	0.131463	0.868537
477819777	300	100956	0.388192	0.611808	0.134547	0.865453
477819777	300	100957	0.378068	0.621932	0.128537	0.871463
477819777	300	100958	0.382388	0.617612	0.131505	0.868495
477819777	300	100959	0.385466	0.614534	0.13047	0.86953
477819777	300	100960	0.38993	0.61007	0.14356	0.85644
477819777	300	100961	0.405901	0.594099	0.141653	0.858347
477819777	300	100962	0.40598	0.59402	0.13629	0.86371
477819777	300	100963	0.405351	0.594649	0.136218	0.863782
477819777	300	100964	0.413103	0.586897	0.126479	0.873521
477819777	300	100965	0.429732	0.570268	0.117809	0.882191
477819777	300	100966	0.429365	0.570635	0.122581	0.877419
477819777	300	100967	0.425329	0.574671	0.116513	0.883487
477819777	300	100968	0.429709	0.570291	0.121334	0.878666
477819777	300	100969	0.408317	0.591683	0.120404	0.879596
477819777	300	100970	0.425963	0.574037	0.125444	0.874556
477819777	300	100971	0.427545	0.572455	0.11984	0.88016
477819777	300	100972	0.437702	0.562298	0.117484	0.882516
477819777	300	100973	0.453744	0.546256	0.113863	0.886137
477819777	300	100974	0.449293	0.550707	0.112871	0.887129
477819777	300	100975	0.456268	0.543732	0.11711	0.88289
477819777	300	100976	0.484788	0.515212	0.1251	0.8749
477819777	300	100977	0.482913	0.517087	0.129032	0.870968
477819777	300	100978	0.470219	0.529781	0.124592	0.875408
477819777	300	100979	0.469121	0.530879	0.120453	0.879547
477819777	300	100980	0.448205	0.551795	0.117191	0.882809
477819777	300	100981	0.441082	0.558918	0.130056	0.869944
477819777	300	100982	0.432998	0.567002	0.128827	0.871173
477819777	300	100983	0.421364	0.578636	0.128705	0.871295
477819777	300	100984	0.407994	0.592006	0.121715	0.878285
477819777	300	100985	0.41167	0.58833	0.13161	0.86839
477819777	300	100986	0.428629	0.571371	0.121649	0.878351
477819777	300	100987	0.416049	0.583951	0.128016	0.871984
477819777	300	100988	0.41618	0.58382	0.121037	0.878963
477819777	300	100989	0.420336	0.579664	0.123901	0.876099
477819777	300	100990	0.42082	0.57918	0.136146	0.863854
477819777	300	100991	0.428339	0.571661	0.132862	0.867138
477819777	300	100992	0.417073	0.582927	0.130709	0.869291
477819777	300	100993	0.424123	0.575877	0.124239	0.875761
477819777	300	100994	0.437875	0.562125	0.120945	0.879055
477819777	300	100995	0.427601	0.572399	0.130057	0.869943
477819777	300	100996	0.439921	0.560079	0.12834	0.87166
477819777	300	100997	0.438771	0.561229	0.128359	0.871641
477819777	300	100998	0.434591	0.565409	0.131579	0.868421
477819777	300	100999	0.433932	0.566068	0.120641	0.879359
477819777	300	101000	0.439388	0.560612	0.124661	0.875339
477819777	300	101001	0.436536	0.563464	0.133549	0.866451
477819777	300	101002	0.426629	0.573371	0.128451	0.871549
477819777	300	101003	0.427879	0.572121	0.131881	0.868119
477819777	300	101004	0.445351	0.554649	0.138932	0.861068
477819777	300	101005	0.4572	0.5428	0.1416	0.8584
477819777	300	101006	0.473307	0.526693	0.132932	0.867068
477819777	300	101007	0.47537	0.52463	0.131043	0.868957
477819777	300	101008	0.465559	0.534441	0.115324	0.884676
477819777	300	101009	0.463103	0.536897	0.12515	0.87485
477819777	300	101010	0.469337	0.530663	0.137534	0.862466
477819777	300	101011	0.478776	0.521224	0.131765	0.868235
477819777	300	101012	0.473349	0.526651	0.135157	0.864843
477819777	300	101013	0.457836	0.542164	0.114642	0.885358
477819777	300	101014	0.460765	0.539235	0.114513	0.885487
477819777	300	101015	0.460152	0.539848	0.112665	0.887335
477819777	300	101016	0.470868	0.529132	0.115866	0.884134
477819777	300	101017	0.469782	0.530218	0.113979	0.886021
477819777	300	101018	0.462495	0.537505	0.114878	0.885122
477819777	300	101019	0.453406	0.546594	0.120605	0.879395
477819777	300	101020	0.455167	0.544833	0.11341	0.88659
477819777	300	101021	0.462525	0.537475	0.116567	0.883433
477819777	300	101022	0.464387	0.535613	0.105387	0.894613
477819777	300	101023	0.472222	0.527778	0.103736	0.896264
477819777	300	101024	0.485047	0.514953	0.109027	0.890973
477819777	300	101025	0.47408	0.52592	0.105135	0.894865
477819777	300	101026	0.468472	0.531528	0.0942201	0.90578
477819777	300	101027	0.482481	0.517519	0.0977354	0.902265
477819777	300	101028	0.485357	0.514643	0.097171	0.902829
477819777	300	101029	0.49515	0.50485	0.0965954	0.903405
477819777	300	101030	0.49458	0.50542	0.0984456	0.901554
477819777	300	101031	0.495775	0.504225	0.0934394	0.906561
477819777	300	101032	0.479116	0.520884	0.098008	0.901992
477819777	300	101033	0.474097	0.525903	0.109299	0.890701
477819777	300	101034	0.470817	0.529183	0.115226	0.884774
477819777	300	101035	0.475938	0.524062	0.102041	0.897959
477819777	300	101036	0.465456	0.534544	0.10377	0.89623
477819777	300	101037	0.462674	0.537326	0.0964091	0.903591
477819777	300	101038	0.449217	0.550783	0.0972499	0.90275
477819777	300	101039	0.452026	0.547974	0.101472	0.898528
477819777	300	101040	0.461664	0.538336	0.102826	0.897174
477819777	300	101041	0.452537	0.547463	0.103678	0.896322
477819777	300	101042	0.449475	0.550525	0.0930325	0.906968
477819777	300	101043	0.443271	0.556729	0.0855155	0.914484
477819777	300	101044	0.440334	0.559666	0.0901046	0.909895
477819777	300	101045	0.439645	0.560355	0.0887832	0.911217
477819777	300	101046	0.443588	0.556412	0.0832019	0.916798
477819777	300	101047	0.443434	0.556566	0.086165	0.913835
477819777	300	101048	0.443119	0.556881	0.0953339	0.904666
477819777	300	101049	0.44315	0.55685	0.0904022	0.909598
477819777	300	101050	0.440584	0.559416	0.0822862	0.917714
477819777	300	101051	0.449179	0.550821	0.0851761	0.914824
477819777	300	101052	0.454323	0.545677	0.0902669	0.909733
477819777	300	101053	0.4448	0.5552	0.1032	0.8968
477819777	300	101054	0.437475	0.562525	0.103994	0.896006
477819777	300	101055	0.443564	0.556436	0.106667	0.893333
477819777	300	101056	0.450061	0.549939	0.118322	0.881678
477819777	300	101057	0.435743	0.564257	0.103586	0.896414
477819777	300	101058	0.42681	0.57319	0.105792	0.894208
477819777	300	101059	0.427481	0.572519	0.100358	0.899642
477819777	300	101060	0.445957	0.554043	0.103517	0.896483
477819777	300	101061	0.445016	0.554984	0.101133	0.898867
477819777	300	101062	0.449211	0.550789	0.0941083	0.905892
477819777	300	101063	0.4444	0.5556	0.0885624	0.911438
477819777	300	101064	0.446723	0.553277	0.0990848	0.900915
477819777	300	101065	0.454041	0.545959	0.0973344	0.902666
477819777	300	101066	0.434592	0.565408	0.101811	0.898189
477819777	300	101067	0.417831	0.582169	0.111847	0.888153
477819777	300	101068	0.42499	0.57501	0.117813	0.882187
477819777	300	101069	0.440385	0.559615	0.127541	0.872459
477819777	300	101070	0.441832	0.558168	0.126727	0.873273
477819777	300	101071	0.451429	0.548571	0.125098	0.874902
477819777	300	101072	0.445797	0.554203	0.119804	0.880196
477819777	300	101073	0.439376	0.560624	0.141943	0.858057
477819777	300	101074	0.446111	0.553889	0.147953	0.852047
477819777	300	101075	0.435958	0.564042	0.154475	0.845525
477819777	300	101076	0.439716	0.560284	0.161251	0.838749
477819777	300	101077	0.429324	0.570676	0.177005	0.822995
477819777	300	101078	0.428114	0.571886	0.181782	0.818218
477819777	300	101079	0.4322	0.5678	0.179367	0.820633
477819777	300	101080	0.412982	0.587018	0.177515	0.822485
477819777	300	101081	0.424043	0.575957	0.17114	0.82886
477819777	300	101082	0.441917	0.558083	0.15918	0.84082
477819777	300	101083	0.444048	0.555952	0.153629	0.846371
477819777	300	101084	0.43745	0.56255	0.153232	0.846768
477819777	300	101085	0.426442	0.573558	0.156671	0.843329
477819777	300	101086	0.423289	0.576711	0.16192	0.83808
477819777	300	101087	0.407364	0.592636	0.158153	0.841847
477819777	300	101088	0.419919	0.580081	0.16378	0.83622
477819777	300	101089	0.414218	0.585782	0.162772	0.837228
477819777	300	101090	0.409293	0.590707	0.164752	0.835248
477819777	300	101091	0.401543	0.598457	0.17028	0.82972
477819777	300	101092	0.41112	0.58888	0.175473	0.824527
477819777	300	101093	0.41991	0.58009	0.171161	0.828839
477819777	300	101094	0.430445	0.569555	0.172303	0.827697
477819777	300	101095	0.434339	0.565661	0.172315	0.827685
477819777	300	101096	0.431563	0.568437	0.170178	0.829822
477819777	300	101097	0.439189	0.560811	0.166264	0.833736
477819777	300	101098	0.448947	0.551053	0.165526	0.834474
477819777	300	101099	0.449304	0.550696	0.172636	0.827364
477819777	300	101100	0.43612	0.56388	0.172078	0.827922
477819777	300	101101	0.439511	0.560489	0.166994	0.833006
477819777	300	101102	0.439728	0.560272	0.172193	0.827807
477819777	300	101103	0.415487	0.584513	0.158388	0.841612
477819777	300	101104	0.428229	0.571771	0.151261	0.848739
477819777	300	101105	0.423695	0.576305	0.164143	0.835857
477819777	300	101106	0.433077	0.566923	0.168579	0.831421
477819777	300	101107	0.414371	0.585629	0.167134	0.832866
477819777	300	101108	0.412535	0.587465	0.180718	0.819282
477819777	300	101109	0.416733	0.583267	0.164269	0.835731
477819777	300	101110	0.408122	0.591878	0.166335	0.833665
477819777	300	101111	0.416929	0.583071	0.167886	0.832114
477819777	300	101112	0.4204	0.5796	0.1704	0.8296
477819777	300	101113	0.423233	0.576767	0.167455	0.832545
477819777	300	101114	0.426418	0.573582	0.154498	0.845502
477819777	300	101115	0.433939	0.566061	0.158416	0.841584
477819777	300	101116	0.430329	0.569671	0.158404	0.841596
477819777	300	101117	0.417787	0.582213	0.160324	0.839676
477819777	300	101118	0.421793	0.578207	0.160366	0.839634
477819777	300	101119	0.425903	0.574097	0.161608	0.838392
477819777	300	101120	0.432627	0.567373	0.170468	0.829532
477819777	300	101121	0.433373	0.566627	0.17433	0.82567
477819777	300	101122	0.425837	0.574163	0.180177	0.819823
477819777	300	101123	0.430573	0.569427	0.172561	0.827439
477819777	300	101124	0.440608	0.559392	0.172185	0.827815
477819777	300	101125	0.448538	0.551462	0.187775	0.812225
477819777	300	101126	0.4474	0.5526	0.189037	0.810963
477819777	300	101127	0.4501	0.5499	0.190419	0.809581
477819777	300	101128	0.481761	0.518239	0.163438	0.836562
477819777	300	101129	0.481316	0.518684	0.158392	0.841608
477819777	300	101130	0.47166	0.52834	0.157708	0.842292
477819777	300	101131	0.474528	0.525472	0.155105	0.844895
477819777	300	101132	0.470806	0.529194	0.147196	0.852804
477819777	300	101133	0.479158	0.520842	0.143491	0.856509
477819777	300	101134	0.47175	0.52825	0.135682	0.864318
477819777	300	101135	0.476368	0.523632	0.117852	0.882148
477819777	300	101136	0.460532	0.539468	0.119403	0.880597
477819777	300	101137	0.478457	0.521543	0.119391	0.880609
477819777	300	101138	0.468203	0.531797	0.11715	0.88285
477819777	300	101139	0.465786	0.534214	0.0991603	0.90084
477819777	300	101140	0.466881	0.533119	0.0976485	0.902352
477819777	300	101141	0.472233	0.527767	0.08409	0.91591
477819777	300	101142	0.459738	0.540262	0.0847116	0.915288
477819777	300	101143	0.4474	0.5526	0.0814188	0.918581
477819777	300	101144	0.453543	0.546457	0.0776423	0.922358
477819777	300	101145	0.435566	0.564434	0.0731508	0.926849
477819777	300	101146	0.442798	0.557202	0.0766537	0.923346
477819777	300	101147	0.436786	0.563214	0.0780171	0.921983
477819777	300	101148	0.444666	0.555334	0.072487	0.927513
477819777	300	101149	0.437775	0.562225	0.0815674	0.918433
477819777	300	101150	0.430769	0.569231	0.0880325	0.911968
477819777	300	101151	0.440518	0.559482	0.0852018	0.914798
477819777	300	101152	0.4324	0.5676	0.0831691	0.916831
477819777	300	101153	0.424063	0.575937	0.0843813	0.915619
477819777	300	101154	0.437078	0.562922	0.0834341	0.916566
477819777	300	101155	0.45556	0.54444	0.0830992	0.916901
477819777	300	101156	0.465331	0.534669	0.0838323	0.916168
477819777	300	101157	0.463337	0.536663	0.0775131	0.922487
477819777	300	101158	0.471614	0.528386	0.0753749	0.924625
477819777	300	101159	0.459321	0.540679	0.0802269	0.919773
477819777	300	101160	0.468675	0.531325	0.0788845	0.921116
477819777	300	101161	0.468974	0.531026	0.0788415	0.921158
477819777	300	101162	0.456641	0.543359	0.0762295	0.92377
477819777	300	101163	0.442818	0.557182	0.0731905	0.92681
477819777	300	101164	0.435412	0.564588	0.0807157	0.919284
477819777	300	101165	0.445721	0.554279	0.0795638	0.920436
477819777	300	101166	0.442875	0.557125	0.0867721	0.913228
477819777	300	101167	0.44994	0.55006	0.0839634	0.916037
477819777	300	101168	0.439886	0.560114	0.0803783	0.919622
477819777	300	101169	0.461475	0.538525	0.0828125	0.917188
477819777	300	101170	0.466773	0.533227	0.0989144	0.901086
477819777	300	101171	0.462151	0.537849	0.084739	0.915261
477819777	300	101172	0.458166	0.541834	0.0735879	0.926412
477819777	300	101173	0.469752	0.530248	0.0729208	0.927079
477819777	300	101174	0.465759	0.534241	0.0755094	0.924491
477819777	300	101175	0.464968	0.535032	0.0711415	0.928859
477819777	300	101176	0.469146	0.530854	0.0707929	0.929207
477819777	300	101177	0.480372	0.519628	0.0676157	0.932384
477819777	300	101178	0.488827	0.511173	0.0705694	0.929431
477819777	300	101179	0.478471	0.521529	0.0683897	0.93161
477819777	300	101180	0.479824	0.520176	0.0676812	0.932319
477819777	300	101181	0.493328	0.506672	0.0688564	0.931144
477819777	300	101182	0.507784	0.492216	0.0597194	0.940281
477819777	300	101183	0.506183	0.493817	0.0574981	0.942502
477819777	300	101184	0.526739	0.473261	0.0596896	0.94031
477819777	300	101185	0.519951	0.480049	0.0615025	0.938497
477819777	300	101186	0.514992	0.485008	0.0552923	0.944708
477819777	300	101187	0.512535	0.487465	0.0591074	0.940893
477819777	300	101188	0.504858	0.495142	0.0616601	0.93834
477819777	300	101189	0.506661	0.493339	0.0637255	0.936275
477819777	300	101190	0.508039	0.491961	0.0640924	0.935908
477819777	300	101191	0.516355	0.483645	0.0563322	0.943668
477819777	300	101192	0.53058	0.46942	0.0624496	0.93755
477819777	300	101193	0.533202	0.466798	0.057085	0.942915
477819777	300	101194	0.531082	0.468918	0.0547201	0.94528
477819777	300	101195	0.532929	0.467071	0.0522772	0.947723
477819777	300	101196	0.539072	0.460928	0.0508269	0.949173
477819777	300	101197	0.536725	0.463275	0.0593055	0.940694
477819777	300	101198	0.548557	0.451443	0.0610477	0.938952
477819777	300	101199	0.562879	0.437121	0.0676692	0.932331
477819777	300	101200	0.557415	0.442585	0.0691074	0.930893
477819777	300	101201	0.559756	0.440244	0.0692913	0.930709
477819777	300	101202	0.536867	0.463133	0.0666399	0.93336
477819777	300	101203	0.537164	0.462836	0.0653126	0.934687
477819777	300	101204	0.535074	0.464926	0.0624486	0.937551
477819777	300	101205	0.546384	0.453616	0.0635179	0.936482
477819777	300	101206	0.544037	0.455963	0.0665571	0.933443
477819777	300	101207	0.528341	0.471659	0.0603949	0.939605
477819777	300	101208	0.546215	0.453785	0.0578313	0.942169
477819777	300	101209	0.540984	0.459016	0.0549631	0.945037
477819777	300	101210	0.548592	0.451408	0.0556676	0.944332
477819777	300	101211	0.549821	0.450179	0.0548166	0.945183
477819777	300	101212	0.561816	0.438184	0.0536913	0.946309
477819777	300	101213	0.556215	0.443785	0.0517381	0.948262
477819777	300	101214	0.568959	0.431041	0.0521289	0.947871
477819777	300	101215	0.570685	0.429315	0.0543348	0.945665
477819777	300	101216	0.569422	0.430578	0.050638	0.949362
477819777	300	101217	0.576048	0.423952	0.0549098	0.94509
477819777	300	101218	0.563259	0.436741	0.0539436	0.946056
477819777	300	101219	0.547101	0.452899	0.0512719	0.948728
477819777	300	101220	0.543803	0.456197	0.058264	0.941736
477819777	300	101221	0.555556	0.444444	0.0648519	0.935148
477819777	300	101222	0.555867	0.444133	0.0655214	0.934479
477819777	300	101223	0.558436	0.441564	0.0705977	0.929402
477819777	300	101224	0.543592	0.456408	0.0792513	0.920749
477819777	300	101225	0.543326	0.456674	0.0760234	0.923977
477819777	300	101226	0.533015	0.466985	0.076428	0.923572
477819777	300	101227	0.532634	0.467366	0.0774938	0.922506
477819777	300	101228	0.515823	0.484177	0.085356	0.914644
477819777	300	101229	0.514694	0.485306	0.0846092	0.915391
477819777	300	101230	0.488466	0.511534	0.0778964	0.922104
477819777	300	101231	0.494514	0.505486	0.0714869	0.928513
477819777	300	101232	0.50982	0.49018	0.0726547	0.927345
477819777	300	101233	0.510285	0.489715	0.0699838	0.930016
477819777	300	101234	0.519137	0.480863	0.0656447	0.934355
477819777	300	101235	0.501788	0.498212	0.0656464	0.934354
477819777	300	101236	0.491179	0.508821	0.0646449	0.935355
477819777	300	101237	0.496394	0.503606	0.0682907	0.931709
477819777	300	101238	0.488062	0.511938	0.0735469	0.926453
477819777	300	101239	0.48324	0.51676	0.0701684	0.929832
477819777	300	101240	0.486922	0.513078	0.0751491	0.924851
477819777	300	101241	0.483689	0.516311	0.0818435	0.918157
477819777	300	101242	0.498563	0.501437	0.0787524	0.921248
477819777	300	101243	0.499004	0.500996	0.07955	0.92045
477819777	300	101244	0.490423	0.509577	0.0789896	0.92101
477819777	300	101245	0.484079	0.515921	0.0825724	0.917428
477819777	300	101246	0.472918	0.527082	0.0835313	0.916469
477819777	300	101247	0.48568	0.51432	0.0833003	0.9167
477819777	300	101248	0.483935	0.516065	0.0762404	0.92376
477819777	300	101249	0.484812	0.515188	0.0820657	0.917934
477819777	300	101250	0.487824	0.512176	0.0693387	0.930661
477819777	300	101251	0.489104	0.510896	0.0626487	0.937351
477819777	300	101252	0.471564	0.528436	0.0721232	0.927877
477819777	300	101253	0.468674	0.531326	0.0739575	0.926042
477819777	300	101254	0.452981	0.547019	0.0763695	0.923631
477819777	300	101255	0.462326	0.537674	0.0719312	0.928069
477819777	300	101256	0.470376	0.529624	0.0719424	0.928058
477819777	300	101257	0.466859	0.533141	0.0746791	0.925321
477819777	300	101258	0.470752	0.529248	0.0780056	0.921994
477819777	300	101259	0.458317	0.541683	0.0793456	0.920654
477819777	300	101260	0.456583	0.543417	0.0691723	0.930828
477819777	300	101261	0.442926	0.557074	0.0672771	0.932723
477819777	300	101262	0.444017	0.555983	0.0683049	0.931695
477819777	300	101263	0.454545	0.545455	0.0691947	0.930805
477819777	300	101264	0.470404	0.529596	0.0694161	0.930584
477819777	300	101265	0.453333	0.546667	0.0742308	0.925769
477819777	300	101266	0.456746	0.543254	0.0677419	0.932258
477819777	300	101267	0.466457	0.533543	0.0722154	0.927785
477819777	300	101268	0.446352	0.553648	0.0652442	0.934756
477819777	300	101269	0.442898	0.557102	0.0645287	0.935471
477819777	300	101270	0.441083	0.558917	0.062701	0.937299
477819777	300	101271	0.439388	0.560612	0.0623758	0.937624
477819777	300	101272	0.442315	0.557685	0.0573066	0.942693
477819777	300	101273	0.453942	0.546058	0.0566038	0.943396
477819777	300	101274	0.449511	0.550489	0.0660377	0.933962
477819777	300	101275	0.464675	0.535325	0.0681728	0.931827
477819777	300	101276	0.460248	0.539752	0.0680817	0.931918
477819777	300	101277	0.443827	0.556173	0.0753728	0.924627
477819777	300	101278	0.428232	0.571768	0.0738499	0.92615
477819777	300	101279	0.425239	0.574761	0.0727203	0.92728
477819777	300	101280	0.414069	0.585931	0.071257	0.928743
477819777	300	101281	0.428	0.572	0.0672	0.9328
477819777	300	101282	0.426216	0.573784	0.0708317	0.929168
477819777	300	101283	0.434142	0.565858	0.0800161	0.919984
477819777	300	101284	0.426118	0.573882	0.0821314	0.917869
477819777	300	101285	0.437052	0.562948	0.0863454	0.913655
477819777	300	101286	0.433993	0.566007	0.0927467	0.907253
477819777	300	101287	0.430894	0.569106	0.0835747	0.916425
477819777	300	101288	0.434452	0.565548	0.0860689	0.913931
477819777	300	101289	0.452209	0.547791	0.0836653	0.916335
477819777	300	101290	0.453858	0.546142	0.0820595	0.91794
477819777	300	101291	0.462033	0.537967	0.0896057	0.910394
477819777	300	101292	0.444751	0.555249	0.0985401	0.90146
477819777	300	101293	0.463826	0.536174	0.0911624	0.908838
477819777	300	101294	0.477116	0.522884	0.078625	0.921375
477819777	300	101295	0.480854	0.519146	0.0829694	0.917031
477819777	300	101296	0.491299	0.508701	0.0782918	0.921708
477819777	300	101297	0.499402	0.500598	0.080289	0.919711
477819777	300	101298	0.486117	0.513883	0.0811133	0.918887
477819777	300	101299	0.495014	0.504986	0.081428	0.918572
477819777	300	101300	0.491136	0.508864	0.0746624	0.925338
