ID	Td	gen	p1m_in_p3	p2m_in_p3	p1f_in_p3	p2f_in_p3
477819777	3000	103000	0.461169	0.538831	0.281025	0.718975
477819777	3000	103001	0.451431	0.548569	0.295355	0.704645
477819777	3000	103002	0.432927	0.567073	0.290157	0.709843
477819777	3000	103003	0.439015	0.560985	0.287958	0.712042
477819777	3000	103004	0.444214	0.555786	0.288528	0.711472
477819777	3000	103005	0.4374	0.5626	0.284912	0.715088
477819777	3000	103006	0.415347	0.584653	0.273551	0.726449
477819777	3000	103007	0.436838	0.563162	0.267871	0.732129
477819777	3000	103008	0.43755	0.56245	0.277554	0.722446
477819777	3000	103009	0.443038	0.556962	0.28381	0.71619
477819777	3000	103010	0.440907	0.559093	0.276639	0.723361
477819777	3000	103011	0.437799	0.562201	0.280899	0.719101
477819777	3000	103012	0.436261	0.563739	0.283116	0.716884
477819777	3000	103013	0.442531	0.557469	0.274071	0.725929
477819777	3000	103014	0.452	0.548	0.282	0.718
477819777	3000	103015	0.449252	0.550748	0.278987	0.721013
477819777	3000	103016	0.447527	0.552473	0.282531	0.717469
477819777	3000	103017	0.432443	0.567557	0.28623	0.71377
477819777	3000	103018	0.428686	0.571314	0.283951	0.716049
477819777	3000	103019	0.409455	0.590545	0.279952	0.720048
477819777	3000	103020	0.425364	0.574636	0.281187	0.718813
477819777	3000	103021	0.438301	0.561699	0.289936	0.710064
477819777	3000	103022	0.435571	0.564429	0.287791	0.712209
477819777	3000	103023	0.443218	0.556782	0.296266	0.703734
477819777	3000	103024	0.4501	0.5499	0.297006	0.702994
477819777	3000	103025	0.452333	0.547667	0.289152	0.710848
477819777	3000	103026	0.458316	0.541684	0.285321	0.714679
477819777	3000	103027	0.45523	0.54477	0.293215	0.706785
477819777	3000	103028	0.454582	0.545418	0.295582	0.704418
477819777	3000	103029	0.446538	0.553462	0.291129	0.708871
477819777	3000	103030	0.450949	0.549051	0.305192	0.694808
477819777	3000	103031	0.448947	0.551053	0.318969	0.681031
477819777	3000	103032	0.468229	0.531771	0.34166	0.65834
477819777	3000	103033	0.466373	0.533627	0.354916	0.645084
477819777	3000	103034	0.470264	0.529736	0.354734	0.645266
477819777	3000	103035	0.479576	0.520424	0.354523	0.645477
477819777	3000	103036	0.489015	0.510985	0.360346	0.639654
477819777	3000	103037	0.478732	0.521268	0.36244	0.63756
477819777	3000	103038	0.476972	0.523028	0.359169	0.640831
477819777	3000	103039	0.470331	0.529669	0.372439	0.627561
477819777	3000	103040	0.465621	0.534379	0.364505	0.635495
477819777	3000	103041	0.452882	0.547118	0.35403	0.64597
477819777	3000	103042	0.45062	0.54938	0.37495	0.62505
477819777	3000	103043	0.425888	0.574112	0.388083	0.611917
477819777	3000	103044	0.424135	0.575865	0.394137	0.605863
477819777	3000	103045	0.452503	0.547497	0.397077	0.602923
477819777	3000	103046	0.455022	0.544978	0.410551	0.589449
477819777	3000	103047	0.460473	0.539527	0.430086	0.569914
477819777	3000	103048	0.457769	0.542231	0.4249	0.5751
477819777	3000	103049	0.457735	0.542265	0.417335	0.582665
477819777	3000	103050	0.462038	0.537962	0.405203	0.594797
477819777	3000	103051	0.471017	0.528983	0.413739	0.586261
477819777	3000	103052	0.46747	0.53253	0.425896	0.574104
477819777	3000	103053	0.451472	0.548528	0.415125	0.584875
477819777	3000	103054	0.453484	0.546516	0.40882	0.59118
477819777	3000	103055	0.460922	0.539078	0.429142	0.570858
477819777	3000	103056	0.461007	0.538993	0.445232	0.554768
477819777	3000	103057	0.483911	0.516089	0.45264	0.54736
477819777	3000	103058	0.489294	0.510706	0.443099	0.556901
477819777	3000	103059	0.484388	0.515612	0.429656	0.570344
477819777	3000	103060	0.472397	0.527603	0.432224	0.567776
477819777	3000	103061	0.462234	0.537766	0.437347	0.562653
477819777	3000	103062	0.457766	0.542234	0.447964	0.552036
477819777	3000	103063	0.458964	0.541036	0.452209	0.547791
477819777	3000	103064	0.446399	0.553601	0.467527	0.532473
477819777	3000	103065	0.454728	0.545272	0.484824	0.515176
477819777	3000	103066	0.46	0.54	0.466275	0.533725
477819777	3000	103067	0.459188	0.540812	0.440907	0.559093
477819777	3000	103068	0.449567	0.550433	0.4342	0.5658
477819777	3000	103069	0.452381	0.547619	0.43299	0.56701
477819777	3000	103070	0.452343	0.547657	0.441176	0.558824
477819777	3000	103071	0.452103	0.547897	0.459704	0.540296
477819777	3000	103072	0.450079	0.549921	0.441842	0.558158
477819777	3000	103073	0.459576	0.540424	0.46044	0.53956
477819777	3000	103074	0.459606	0.540394	0.464153	0.535847
477819777	3000	103075	0.467282	0.532718	0.470705	0.529295
477819777	3000	103076	0.466088	0.533912	0.469562	0.530438
477819777	3000	103077	0.47949	0.52051	0.469667	0.530333
477819777	3000	103078	0.47495	0.52505	0.465469	0.534531
477819777	3000	103079	0.478857	0.521143	0.477514	0.522486
477819777	3000	103080	0.490566	0.509434	0.47272	0.52728
477819777	3000	103081	0.502616	0.497384	0.470378	0.529622
477819777	3000	103082	0.511499	0.488501	0.467312	0.532688
477819777	3000	103083	0.515354	0.484646	0.481301	0.518699
477819777	3000	103084	0.512589	0.487411	0.486168	0.513832
477819777	3000	103085	0.514677	0.485323	0.493252	0.506748
477819777	3000	103086	0.525917	0.474083	0.491974	0.508026
477819777	3000	103087	0.524429	0.475571	0.506093	0.493907
477819777	3000	103088	0.510919	0.489081	0.506413	0.493587
477819777	3000	103089	0.504418	0.495582	0.506773	0.493227
477819777	3000	103090	0.504635	0.495365	0.516872	0.483128
477819777	3000	103091	0.504762	0.495238	0.524597	0.475403
477819777	3000	103092	0.484934	0.515066	0.521705	0.478295
477819777	3000	103093	0.475377	0.524623	0.52498	0.47502
477819777	3000	103094	0.460145	0.539855	0.506359	0.493641
477819777	3000	103095	0.446284	0.553716	0.490095	0.509905
477819777	3000	103096	0.44177	0.55823	0.5	0.5
477819777	3000	103097	0.444711	0.555289	0.492986	0.507014
477819777	3000	103098	0.449211	0.550789	0.499802	0.500198
477819777	3000	103099	0.461381	0.538619	0.487662	0.512338
477819777	3000	103100	0.482759	0.517241	0.475979	0.524021
477819777	3000	103101	0.475813	0.524187	0.460048	0.539952
477819777	3000	103102	0.483051	0.516949	0.457573	0.542427
477819777	3000	103103	0.478885	0.521115	0.44631	0.55369
477819777	3000	103104	0.480274	0.519726	0.454293	0.545707
477819777	3000	103105	0.481746	0.518254	0.452823	0.547177
477819777	3000	103106	0.486317	0.513683	0.443489	0.556511
477819777	3000	103107	0.4956	0.5044	0.4464	0.5536
477819777	3000	103108	0.480831	0.519169	0.46274	0.53726
477819777	3000	103109	0.47459	0.52541	0.484206	0.515794
477819777	3000	103110	0.458828	0.541172	0.474535	0.525465
477819777	3000	103111	0.473389	0.526611	0.490204	0.509796
477819777	3000	103112	0.473769	0.526231	0.476209	0.523791
477819777	3000	103113	0.480047	0.519953	0.499392	0.500608
477819777	3000	103114	0.492424	0.507576	0.50321	0.49679
477819777	3000	103115	0.485667	0.514333	0.503518	0.496482
477819777	3000	103116	0.484958	0.515042	0.495413	0.504587
477819777	3000	103117	0.470774	0.529226	0.519044	0.480956
477819777	3000	103118	0.461726	0.538274	0.52673	0.47327
477819777	3000	103119	0.457606	0.542394	0.522682	0.477318
477819777	3000	103120	0.449653	0.550347	0.518257	0.481743
477819777	3000	103121	0.441245	0.558755	0.534568	0.465432
477819777	3000	103122	0.437849	0.562151	0.528112	0.471888
477819777	3000	103123	0.447054	0.552946	0.506029	0.493971
477819777	3000	103124	0.441213	0.558787	0.525205	0.474795
477819777	3000	103125	0.444137	0.555863	0.516417	0.483583
477819777	3000	103126	0.453596	0.546404	0.512943	0.487057
477819777	3000	103127	0.437476	0.562524	0.500621	0.499379
477819777	3000	103128	0.43707	0.56293	0.486754	0.513246
477819777	3000	103129	0.445378	0.554622	0.501799	0.498201
477819777	3000	103130	0.444489	0.555511	0.499599	0.500401
477819777	3000	103131	0.442694	0.557306	0.49939	0.50061
477819777	3000	103132	0.446343	0.553657	0.502013	0.497987
477819777	3000	103133	0.463137	0.536863	0.510204	0.489796
477819777	3000	103134	0.464863	0.535137	0.51149	0.48851
477819777	3000	103135	0.46163	0.53837	0.518204	0.481796
477819777	3000	103136	0.462396	0.537604	0.535987	0.464013
477819777	3000	103137	0.461446	0.538554	0.527433	0.472567
477819777	3000	103138	0.455054	0.544946	0.520625	0.479375
477819777	3000	103139	0.444757	0.555243	0.522103	0.477897
477819777	3000	103140	0.451781	0.548219	0.511395	0.488605
477819777	3000	103141	0.454582	0.545418	0.49759	0.50241
477819777	3000	103142	0.470423	0.529577	0.501789	0.498211
477819777	3000	103143	0.474057	0.525943	0.503257	0.496743
477819777	3000	103144	0.491193	0.508807	0.498002	0.501998
477819777	3000	103145	0.470565	0.529435	0.507898	0.492102
477819777	3000	103146	0.479386	0.520614	0.489311	0.510689
477819777	3000	103147	0.485075	0.514925	0.504637	0.495363
477819777	3000	103148	0.485955	0.514045	0.500797	0.499203
477819777	3000	103149	0.476452	0.523548	0.497961	0.502039
477819777	3000	103150	0.491039	0.508961	0.494576	0.505424
477819777	3000	103151	0.520747	0.479253	0.492664	0.507336
477819777	3000	103152	0.526526	0.473474	0.497794	0.502206
477819777	3000	103153	0.523885	0.476115	0.483583	0.516417
477819777	3000	103154	0.524337	0.475663	0.487262	0.512738
477819777	3000	103155	0.517045	0.482955	0.475158	0.524842
477819777	3000	103156	0.509524	0.490476	0.459274	0.540726
477819777	3000	103157	0.505102	0.494898	0.455139	0.544861
477819777	3000	103158	0.504628	0.495372	0.450895	0.549105
477819777	3000	103159	0.505902	0.494098	0.454188	0.545812
477819777	3000	103160	0.497801	0.502199	0.458183	0.541817
477819777	3000	103161	0.49451	0.50549	0.455726	0.544274
477819777	3000	103162	0.499013	0.500987	0.475882	0.524118
477819777	3000	103163	0.500595	0.499405	0.4869	0.5131
477819777	3000	103164	0.495157	0.504843	0.503172	0.496828
477819777	3000	103165	0.485669	0.514331	0.505225	0.494775
477819777	3000	103166	0.474643	0.525357	0.495961	0.504039
477819777	3000	103167	0.478781	0.521219	0.504568	0.495432
477819777	3000	103168	0.485044	0.514956	0.499604	0.500396
477819777	3000	103169	0.49862	0.50138	0.495737	0.504263
477819777	3000	103170	0.493042	0.506958	0.500604	0.499396
477819777	3000	103171	0.489655	0.510345	0.488363	0.511637
477819777	3000	103172	0.498198	0.501802	0.479824	0.520176
477819777	3000	103173	0.503753	0.496247	0.480356	0.519644
477819777	3000	103174	0.491607	0.508393	0.481585	0.518415
477819777	3000	103175	0.50595	0.49405	0.476005	0.523995
477819777	3000	103176	0.510388	0.489612	0.487546	0.512454
477819777	3000	103177	0.505682	0.494318	0.496057	0.503943
477819777	3000	103178	0.515188	0.484812	0.494796	0.505204
477819777	3000	103179	0.511737	0.488263	0.497136	0.502864
477819777	3000	103180	0.498304	0.501696	0.500757	0.499243
477819777	3000	103181	0.498167	0.501833	0.509627	0.490373
477819777	3000	103182	0.488951	0.511049	0.499801	0.500199
477819777	3000	103183	0.488525	0.511475	0.498047	0.501953
477819777	3000	103184	0.513677	0.486323	0.511138	0.488862
477819777	3000	103185	0.505415	0.494585	0.519346	0.480654
477819777	3000	103186	0.500587	0.499413	0.505526	0.494474
477819777	3000	103187	0.501784	0.498216	0.487283	0.512717
477819777	3000	103188	0.518788	0.481212	0.475248	0.524752
477819777	3000	103189	0.532725	0.467275	0.476402	0.523598
477819777	3000	103190	0.530729	0.469271	0.485647	0.514353
477819777	3000	103191	0.523046	0.476954	0.483832	0.516168
477819777	3000	103192	0.530225	0.469775	0.475496	0.524504
477819777	3000	103193	0.535857	0.464143	0.482329	0.517671
477819777	3000	103194	0.561446	0.438554	0.479681	0.520319
477819777	3000	103195	0.588424	0.411576	0.485669	0.514331
477819777	3000	103196	0.59453	0.40547	0.467501	0.532499
477819777	3000	103197	0.601578	0.398422	0.4714	0.5286
477819777	3000	103198	0.599208	0.400792	0.462626	0.537374
477819777	3000	103199	0.608247	0.391753	0.453188	0.546812
477819777	3000	103200	0.611799	0.388201	0.447981	0.552019
477819777	3000	103201	0.620899	0.379101	0.447254	0.552746
477819777	3000	103202	0.633189	0.366811	0.452876	0.547124
477819777	3000	103203	0.646548	0.353452	0.457606	0.542394
477819777	3000	103204	0.660536	0.339464	0.460184	0.539816
477819777	3000	103205	0.654331	0.345669	0.43841	0.56159
477819777	3000	103206	0.659488	0.340512	0.456873	0.543127
477819777	3000	103207	0.669339	0.330661	0.442715	0.557285
477819777	3000	103208	0.672352	0.327648	0.429609	0.570391
477819777	3000	103209	0.676016	0.323984	0.416929	0.583071
477819777	3000	103210	0.681142	0.318858	0.426582	0.573418
477819777	3000	103211	0.665727	0.334273	0.428288	0.571712
477819777	3000	103212	0.647528	0.352472	0.418138	0.581862
477819777	3000	103213	0.646871	0.353129	0.415897	0.584103
477819777	3000	103214	0.654118	0.345882	0.410204	0.589796
477819777	3000	103215	0.638592	0.361408	0.399838	0.600162
477819777	3000	103216	0.638118	0.361882	0.397533	0.602467
477819777	3000	103217	0.650645	0.349355	0.415404	0.584596
477819777	3000	103218	0.639383	0.360617	0.406313	0.593687
477819777	3000	103219	0.629227	0.370773	0.418919	0.581081
477819777	3000	103220	0.619223	0.380777	0.413307	0.586693
477819777	3000	103221	0.634455	0.365545	0.414949	0.585051
477819777	3000	103222	0.634562	0.365438	0.401696	0.598304
477819777	3000	103223	0.637204	0.362796	0.410195	0.589805
477819777	3000	103224	0.637475	0.362525	0.41501	0.58499
477819777	3000	103225	0.645982	0.354018	0.425583	0.574417
477819777	3000	103226	0.650079	0.349921	0.432334	0.567666
477819777	3000	103227	0.646748	0.353252	0.428346	0.571654
477819777	3000	103228	0.658303	0.341697	0.416231	0.583769
477819777	3000	103229	0.65587	0.34413	0.416601	0.583399
477819777	3000	103230	0.655089	0.344911	0.403724	0.596276
477819777	3000	103231	0.653077	0.346923	0.407105	0.592895
477819777	3000	103232	0.660465	0.339535	0.414463	0.585537
477819777	3000	103233	0.658537	0.341463	0.420667	0.579333
477819777	3000	103234	0.657557	0.342443	0.419729	0.580271
477819777	3000	103235	0.661538	0.338462	0.419763	0.580237
477819777	3000	103236	0.643337	0.356663	0.412384	0.587616
477819777	3000	103237	0.635388	0.364612	0.430986	0.569014
477819777	3000	103238	0.640082	0.359918	0.43092	0.56908
477819777	3000	103239	0.652348	0.347652	0.425269	0.574731
477819777	3000	103240	0.654867	0.345133	0.42323	0.57677
477819777	3000	103241	0.649233	0.350767	0.426129	0.573871
477819777	3000	103242	0.641209	0.358791	0.410298	0.589702
477819777	3000	103243	0.65796	0.34204	0.402628	0.597372
477819777	3000	103244	0.645825	0.354175	0.396289	0.603711
477819777	3000	103245	0.651699	0.348301	0.401804	0.598196
477819777	3000	103246	0.645148	0.354852	0.399291	0.600709
477819777	3000	103247	0.638123	0.361877	0.385453	0.614547
477819777	3000	103248	0.626131	0.373869	0.392436	0.607564
477819777	3000	103249	0.611976	0.388024	0.40521	0.59479
477819777	3000	103250	0.609047	0.390953	0.40729	0.59271
477819777	3000	103251	0.60764	0.39236	0.404503	0.595497
477819777	3000	103252	0.594134	0.405866	0.406136	0.593864
477819777	3000	103253	0.584746	0.415254	0.410785	0.589215
477819777	3000	103254	0.594313	0.405687	0.410308	0.589692
477819777	3000	103255	0.578496	0.421504	0.399374	0.600626
477819777	3000	103256	0.584379	0.415621	0.409648	0.590352
477819777	3000	103257	0.601781	0.398219	0.417952	0.582048
477819777	3000	103258	0.60111	0.39889	0.411622	0.588378
477819777	3000	103259	0.613663	0.386337	0.403995	0.596005
477819777	3000	103260	0.598776	0.401224	0.401569	0.598431
477819777	3000	103261	0.605305	0.394695	0.399682	0.600318
477819777	3000	103262	0.602477	0.397523	0.397277	0.602723
477819777	3000	103263	0.606286	0.393714	0.385747	0.614253
477819777	3000	103264	0.612696	0.387304	0.375548	0.624452
477819777	3000	103265	0.617925	0.382075	0.361564	0.638436
477819777	3000	103266	0.60202	0.39798	0.372673	0.627327
477819777	3000	103267	0.577278	0.422722	0.35273	0.64727
477819777	3000	103268	0.576954	0.423046	0.373997	0.626003
477819777	3000	103269	0.578698	0.421302	0.378093	0.621907
477819777	3000	103270	0.560849	0.439151	0.375699	0.624301
477819777	3000	103271	0.568891	0.431109	0.36441	0.63559
477819777	3000	103272	0.563753	0.436247	0.369114	0.630886
477819777	3000	103273	0.562169	0.437831	0.377307	0.622693
477819777	3000	103274	0.545601	0.454399	0.367169	0.632831
477819777	3000	103275	0.538804	0.461196	0.368567	0.631433
477819777	3000	103276	0.544547	0.455453	0.368442	0.631558
477819777	3000	103277	0.540958	0.459042	0.3611	0.6389
477819777	3000	103278	0.5304	0.4696	0.352	0.648
477819777	3000	103279	0.538858	0.461142	0.341404	0.658596
477819777	3000	103280	0.524178	0.475822	0.346998	0.653002
477819777	3000	103281	0.523034	0.476966	0.345286	0.654714
477819777	3000	103282	0.516506	0.483494	0.348967	0.651033
477819777	3000	103283	0.526946	0.473054	0.35992	0.64008
477819777	3000	103284	0.519305	0.480695	0.362241	0.637759
477819777	3000	103285	0.510442	0.489558	0.358167	0.641833
477819777	3000	103286	0.506877	0.493123	0.35087	0.64913
477819777	3000	103287	0.514899	0.485101	0.359243	0.640757
477819777	3000	103288	0.525249	0.474751	0.359759	0.640241
477819777	3000	103289	0.5372	0.4628	0.3652	0.6348
477819777	3000	103290	0.537998	0.462002	0.370076	0.629924
477819777	3000	103291	0.543705	0.456295	0.368715	0.631285
477819777	3000	103292	0.556131	0.443869	0.366559	0.633441
477819777	3000	103293	0.556247	0.443753	0.36511	0.63489
477819777	3000	103294	0.560721	0.439279	0.38483	0.61517
477819777	3000	103295	0.551807	0.448193	0.376096	0.623904
477819777	3000	103296	0.552756	0.447244	0.375203	0.624797
477819777	3000	103297	0.551298	0.448702	0.375437	0.624563
477819777	3000	103298	0.529772	0.470228	0.374411	0.625589
477819777	3000	103299	0.52728	0.47272	0.379671	0.620329
477819777	3000	103300	0.519968	0.480032	0.364583	0.635417
477819777	3000	103301	0.519796	0.480204	0.359739	0.640261
477819777	3000	103302	0.518371	0.481629	0.358173	0.641827
477819777	3000	103303	0.515032	0.484968	0.347087	0.652913
477819777	3000	103304	0.496987	0.503013	0.349661	0.650339
477819777	3000	103305	0.48828	0.51172	0.343133	0.656867
477819777	3000	103306	0.484544	0.515456	0.353129	0.646871
477819777	3000	103307	0.486911	0.513089	0.363131	0.636869
477819777	3000	103308	0.498161	0.501839	0.352918	0.647082
477819777	3000	103309	0.496618	0.503382	0.324889	0.675111
477819777	3000	103310	0.492662	0.507338	0.323114	0.676886
477819777	3000	103311	0.510417	0.489583	0.337061	0.662939
477819777	3000	103312	0.514956	0.485044	0.326603	0.673397
477819777	3000	103313	0.503557	0.496443	0.334008	0.665992
477819777	3000	103314	0.529597	0.470403	0.329278	0.670722
477819777	3000	103315	0.528583	0.471417	0.304849	0.695151
477819777	3000	103316	0.521477	0.478523	0.28896	0.71104
477819777	3000	103317	0.507994	0.492006	0.281025	0.718975
477819777	3000	103318	0.49542	0.50458	0.295299	0.704701
477819777	3000	103319	0.498824	0.501176	0.294286	0.705714
477819777	3000	103320	0.477237	0.522763	0.280179	0.719821
477819777	3000	103321	0.477577	0.522423	0.285191	0.714809
477819777	3000	103322	0.492147	0.507853	0.294398	0.705602
477819777	3000	103323	0.484312	0.515688	0.293158	0.706842
477819777	3000	103324	0.506975	0.493025	0.303894	0.696106
477819777	3000	103325	0.51891	0.48109	0.305785	0.694215
477819777	3000	103326	0.510492	0.489508	0.306899	0.693101
477819777	3000	103327	0.51768	0.48232	0.304068	0.695932
477819777	3000	103328	0.5147	0.4853	0.293206	0.706794
477819777	3000	103329	0.512253	0.487747	0.299595	0.700405
477819777	3000	103330	0.521791	0.478209	0.306923	0.693077
477819777	3000	103331	0.527622	0.472378	0.306555	0.693445
477819777	3000	103332	0.521327	0.478673	0.318476	0.681524
477819777	3000	103333	0.5	0.5	0.322267	0.677733
477819777	3000	103334	0.516345	0.483655	0.317757	0.682243
477819777	3000	103335	0.539437	0.460563	0.316108	0.683892
477819777	3000	103336	0.542774	0.457226	0.301698	0.698302
477819777	3000	103337	0.55853	0.44147	0.309171	0.690829
477819777	3000	103338	0.554571	0.445429	0.327771	0.672229
477819777	3000	103339	0.558195	0.441805	0.332255	0.667745
477819777	3000	103340	0.561687	0.438313	0.337799	0.662201
477819777	3000	103341	0.54863	0.45137	0.343007	0.656993
477819777	3000	103342	0.5376	0.4624	0.3608	0.6392
477819777	3000	103343	0.540573	0.459427	0.362027	0.637973
477819777	3000	103344	0.530539	0.469461	0.362725	0.637275
477819777	3000	103345	0.507341	0.492659	0.355181	0.644819
477819777	3000	103346	0.484861	0.515139	0.385141	0.614859
477819777	3000	103347	0.477612	0.522388	0.382388	0.617612
477819777	3000	103348	0.461068	0.538932	0.38084	0.61916
477819777	3000	103349	0.452602	0.547398	0.381595	0.618405
477819777	3000	103350	0.468886	0.531114	0.38151	0.61849
477819777	3000	103351	0.468213	0.531787	0.402961	0.597039
477819777	3000	103352	0.487024	0.512976	0.400947	0.599053
477819777	3000	103353	0.487119	0.512881	0.415422	0.584578
477819777	3000	103354	0.48215	0.51785	0.402074	0.597926
477819777	3000	103355	0.491875	0.508125	0.399273	0.600727
477819777	3000	103356	0.500998	0.499002	0.393587	0.606413
477819777	3000	103357	0.493323	0.506677	0.394051	0.605949
477819777	3000	103358	0.487815	0.512185	0.39968	0.60032
477819777	3000	103359	0.488907	0.511093	0.410551	0.589449
477819777	3000	103360	0.498143	0.501857	0.413659	0.586341
477819777	3000	103361	0.493725	0.506275	0.413878	0.586122
477819777	3000	103362	0.499596	0.500404	0.422011	0.577989
477819777	3000	103363	0.482128	0.517872	0.416076	0.583924
477819777	3000	103364	0.464755	0.535245	0.41141	0.58859
477819777	3000	103365	0.4644	0.5356	0.402	0.598
477819777	3000	103366	0.471193	0.528807	0.401167	0.598833
477819777	3000	103367	0.471009	0.528991	0.396857	0.603143
477819777	3000	103368	0.47502	0.52498	0.388976	0.611024
477819777	3000	103369	0.485437	0.514563	0.407041	0.592959
477819777	3000	103370	0.468651	0.531349	0.416129	0.583871
477819777	3000	103371	0.472611	0.527389	0.398159	0.601841
477819777	3000	103372	0.474218	0.525782	0.392984	0.607016
477819777	3000	103373	0.464036	0.535964	0.375925	0.624075
477819777	3000	103374	0.467249	0.532751	0.378879	0.621121
477819777	3000	103375	0.456677	0.543323	0.386473	0.613527
477819777	3000	103376	0.470588	0.529412	0.374465	0.625535
477819777	3000	103377	0.476829	0.523171	0.372047	0.627953
477819777	3000	103378	0.483314	0.516686	0.387689	0.612311
477819777	3000	103379	0.494193	0.505807	0.381143	0.618857
477819777	3000	103380	0.492006	0.507994	0.381906	0.618094
477819777	3000	103381	0.479584	0.520416	0.391287	0.608713
477819777	3000	103382	0.461569	0.538431	0.395339	0.604661
477819777	3000	103383	0.470516	0.529484	0.384101	0.615899
477819777	3000	103384	0.457041	0.542959	0.382944	0.617056
477819777	3000	103385	0.465436	0.534564	0.371638	0.628362
477819777	3000	103386	0.478497	0.521503	0.380322	0.619678
477819777	3000	103387	0.474549	0.525451	0.374451	0.625549
477819777	3000	103388	0.47943	0.52057	0.36778	0.63222
477819777	3000	103389	0.468911	0.531089	0.383838	0.616162
477819777	3000	103390	0.461236	0.538764	0.392436	0.607564
477819777	3000	103391	0.475539	0.524461	0.388331	0.611669
477819777	3000	103392	0.476306	0.523694	0.374556	0.625444
477819777	3000	103393	0.482551	0.517449	0.376546	0.623454
477819777	3000	103394	0.497592	0.502408	0.395933	0.604067
477819777	3000	103395	0.516889	0.483111	0.403015	0.596985
477819777	3000	103396	0.519414	0.480586	0.400242	0.599758
477819777	3000	103397	0.50686	0.49314	0.407613	0.592387
477819777	3000	103398	0.523771	0.476229	0.395155	0.604845
477819777	3000	103399	0.522394	0.477606	0.397799	0.602201
477819777	3000	103400	0.534342	0.465658	0.388774	0.611226
477819777	3000	103401	0.51654	0.48346	0.370935	0.629065
477819777	3000	103402	0.509481	0.490519	0.374903	0.625097
477819777	3000	103403	0.516298	0.483702	0.381312	0.618688
477819777	3000	103404	0.505411	0.494589	0.377246	0.622754
477819777	3000	103405	0.504536	0.495464	0.391481	0.608519
477819777	3000	103406	0.489022	0.510978	0.382766	0.617234
477819777	3000	103407	0.466502	0.533498	0.373198	0.626802
477819777	3000	103408	0.462435	0.537565	0.359219	0.640781
477819777	3000	103409	0.449656	0.550344	0.362881	0.637119
477819777	3000	103410	0.448662	0.551338	0.376452	0.623548
477819777	3000	103411	0.434996	0.565004	0.371574	0.628426
477819777	3000	103412	0.4334	0.5666	0.360161	0.639839
477819777	3000	103413	0.427423	0.572577	0.368484	0.631516
477819777	3000	103414	0.419355	0.580645	0.37022	0.62978
477819777	3000	103415	0.418745	0.581255	0.372315	0.627685
477819777	3000	103416	0.428966	0.571034	0.384023	0.615977
477819777	3000	103417	0.428739	0.571261	0.399019	0.600981
477819777	3000	103418	0.434127	0.565873	0.391532	0.608468
477819777	3000	103419	0.447283	0.552717	0.388319	0.611681
477819777	3000	103420	0.438817	0.561183	0.390995	0.609005
477819777	3000	103421	0.434959	0.565041	0.400394	0.599606
477819777	3000	103422	0.43913	0.56087	0.412146	0.587854
477819777	3000	103423	0.447958	0.552042	0.413269	0.586731
477819777	3000	103424	0.454252	0.545748	0.413259	0.586741
477819777	3000	103425	0.450653	0.549347	0.403846	0.596154
477819777	3000	103426	0.444704	0.555296	0.40625	0.59375
477819777	3000	103427	0.439791	0.560209	0.408025	0.591975
477819777	3000	103428	0.434269	0.565731	0.415258	0.584742
477819777	3000	103429	0.43558	0.56442	0.404332	0.595668
477819777	3000	103430	0.433239	0.566761	0.393891	0.606109
477819777	3000	103431	0.437959	0.562041	0.38902	0.61098
477819777	3000	103432	0.440582	0.559418	0.389945	0.610055
477819777	3000	103433	0.440725	0.559275	0.391304	0.608696
477819777	3000	103434	0.432854	0.567146	0.390312	0.609688
477819777	3000	103435	0.433643	0.566357	0.379611	0.620389
477819777	3000	103436	0.427245	0.572755	0.386589	0.613411
477819777	3000	103437	0.435815	0.564185	0.380915	0.619085
477819777	3000	103438	0.433812	0.566188	0.380016	0.619984
477819777	3000	103439	0.423641	0.576359	0.362646	0.637354
477819777	3000	103440	0.423926	0.576074	0.368225	0.631775
477819777	3000	103441	0.428571	0.571429	0.368952	0.631048
477819777	3000	103442	0.449837	0.550163	0.372057	0.627943
477819777	3000	103443	0.434958	0.565042	0.375447	0.624553
477819777	3000	103444	0.429426	0.570574	0.377207	0.622793
477819777	3000	103445	0.432897	0.567103	0.371674	0.628326
477819777	3000	103446	0.410551	0.589449	0.356595	0.643405
477819777	3000	103447	0.411998	0.588002	0.35884	0.64116
477819777	3000	103448	0.422099	0.577901	0.357488	0.642512
477819777	3000	103449	0.419316	0.580684	0.354672	0.645328
477819777	3000	103450	0.406546	0.593454	0.349838	0.650162
477819777	3000	103451	0.4	0.6	0.349076	0.650924
477819777	3000	103452	0.396271	0.603729	0.354175	0.645825
477819777	3000	103453	0.38	0.62	0.348235	0.651765
477819777	3000	103454	0.359325	0.640675	0.336385	0.663615
477819777	3000	103455	0.358167	0.641833	0.315663	0.684337
477819777	3000	103456	0.363419	0.636581	0.3125	0.6875
477819777	3000	103457	0.363997	0.636003	0.30912	0.69088
477819777	3000	103458	0.364164	0.635836	0.290149	0.709851
477819777	3000	103459	0.369704	0.630296	0.269416	0.730584
477819777	3000	103460	0.377946	0.622054	0.278734	0.721266
477819777	3000	103461	0.385033	0.614967	0.265337	0.734663
477819777	3000	103462	0.382458	0.617542	0.261644	0.738356
477819777	3000	103463	0.374592	0.625408	0.266458	0.733542
477819777	3000	103464	0.364788	0.635212	0.274687	0.725313
477819777	3000	103465	0.360837	0.639163	0.273791	0.726209
477819777	3000	103466	0.377622	0.622378	0.279885	0.720115
477819777	3000	103467	0.372588	0.627412	0.280255	0.719745
477819777	3000	103468	0.351935	0.648065	0.288802	0.711198
477819777	3000	103469	0.347928	0.652072	0.285831	0.714169
477819777	3000	103470	0.34998	0.65002	0.271803	0.728197
477819777	3000	103471	0.35095	0.64905	0.279674	0.720326
477819777	3000	103472	0.345126	0.654874	0.287459	0.712541
477819777	3000	103473	0.353106	0.646894	0.276248	0.723752
477819777	3000	103474	0.346322	0.653678	0.27163	0.72837
477819777	3000	103475	0.34576	0.65424	0.278234	0.721766
477819777	3000	103476	0.359984	0.640016	0.277579	0.722421
477819777	3000	103477	0.34399	0.65601	0.288256	0.711744
477819777	3000	103478	0.342127	0.657873	0.307692	0.692308
477819777	3000	103479	0.369366	0.630634	0.310469	0.689531
477819777	3000	103480	0.36901	0.63099	0.289663	0.710337
477819777	3000	103481	0.380758	0.619242	0.273655	0.726345
477819777	3000	103482	0.385817	0.614183	0.275559	0.724441
477819777	3000	103483	0.391592	0.608408	0.269436	0.730564
477819777	3000	103484	0.382862	0.617138	0.269544	0.730456
477819777	3000	103485	0.388361	0.611639	0.270008	0.729992
477819777	3000	103486	0.387369	0.612631	0.268099	0.731901
477819777	3000	103487	0.37037	0.62963	0.260346	0.739654
477819777	3000	103488	0.3736	0.6264	0.266	0.734
477819777	3000	103489	0.365203	0.634797	0.273898	0.726102
477819777	3000	103490	0.367724	0.632276	0.29175	0.70825
477819777	3000	103491	0.379114	0.620886	0.28909	0.71091
477819777	3000	103492	0.363388	0.636612	0.280148	0.719852
477819777	3000	103493	0.362218	0.637782	0.269786	0.730214
477819777	3000	103494	0.351193	0.648807	0.274662	0.725338
477819777	3000	103495	0.339494	0.660506	0.268817	0.731183
477819777	3000	103496	0.35002	0.64998	0.261286	0.738714
477819777	3000	103497	0.338605	0.661395	0.248224	0.751776
477819777	3000	103498	0.350758	0.649242	0.250601	0.749399
477819777	3000	103499	0.347791	0.652209	0.245678	0.754322
477819777	3000	103500	0.332948	0.667052	0.249169	0.750831
477819777	3000	103501	0.334263	0.665737	0.245783	0.754217
477819777	3000	103502	0.33149	0.66851	0.237748	0.762252
477819777	3000	103503	0.33899	0.66101	0.238812	0.761188
477819777	3000	103504	0.324851	0.675149	0.237425	0.762575
477819777	3000	103505	0.329876	0.670124	0.231448	0.768552
477819777	3000	103506	0.3332	0.6668	0.235318	0.764682
477819777	3000	103507	0.325698	0.674302	0.220085	0.779915
477819777	3000	103508	0.331474	0.668526	0.23253	0.76747
477819777	3000	103509	0.352079	0.647921	0.24404	0.75596
477819777	3000	103510	0.354813	0.645187	0.259051	0.740949
477819777	3000	103511	0.352941	0.647059	0.260802	0.739198
477819777	3000	103512	0.355564	0.644436	0.258065	0.741935
477819777	3000	103513	0.357	0.643	0.262066	0.737934
477819777	3000	103514	0.353445	0.646555	0.248135	0.751865
477819777	3000	103515	0.347171	0.652829	0.242234	0.757766
477819777	3000	103516	0.333598	0.666402	0.249497	0.750503
477819777	3000	103517	0.333469	0.666531	0.257647	0.742353
477819777	3000	103518	0.335944	0.664056	0.282093	0.717907
477819777	3000	103519	0.351501	0.648499	0.274311	0.725689
477819777	3000	103520	0.350397	0.649603	0.293548	0.706452
477819777	3000	103521	0.344379	0.655621	0.284381	0.715619
477819777	3000	103522	0.330888	0.669112	0.290259	0.709741
477819777	3000	103523	0.334266	0.665734	0.298519	0.701481
477819777	3000	103524	0.349321	0.650679	0.29944	0.70056
477819777	3000	103525	0.34878	0.65122	0.298425	0.701575
477819777	3000	103526	0.350198	0.649802	0.298785	0.701215
477819777	3000	103527	0.360382	0.639618	0.290024	0.709976
477819777	3000	103528	0.35607	0.64393	0.283406	0.716594
477819777	3000	103529	0.353393	0.646607	0.282488	0.717512
477819777	3000	103530	0.357315	0.642685	0.27707	0.72293
477819777	3000	103531	0.351097	0.648903	0.27451	0.72549
477819777	3000	103532	0.353428	0.646572	0.287165	0.712835
477819777	3000	103533	0.350639	0.649361	0.272035	0.727965
477819777	3000	103534	0.348291	0.651709	0.259821	0.740179
477819777	3000	103535	0.332669	0.667331	0.257922	0.742078
477819777	3000	103536	0.324182	0.675818	0.266746	0.733254
477819777	3000	103537	0.314073	0.685927	0.263873	0.736127
477819777	3000	103538	0.3028	0.6972	0.25	0.75
477819777	3000	103539	0.30137	0.69863	0.26135	0.73865
477819777	3000	103540	0.285201	0.714799	0.260329	0.739671
477819777	3000	103541	0.267943	0.732057	0.26565	0.73435
477819777	3000	103542	0.269708	0.730292	0.268293	0.731707
477819777	3000	103543	0.252029	0.747971	0.274054	0.725946
477819777	3000	103544	0.238836	0.761164	0.269663	0.730337
477819777	3000	103545	0.232456	0.767544	0.286517	0.713483
477819777	3000	103546	0.223946	0.776054	0.292438	0.707562
477819777	3000	103547	0.230831	0.769169	0.299721	0.700279
477819777	3000	103548	0.22856	0.77144	0.296528	0.703472
477819777	3000	103549	0.238966	0.761034	0.280483	0.719517
477819777	3000	103550	0.231164	0.768836	0.2714	0.7286
477819777	3000	103551	0.239968	0.760032	0.275518	0.724482
477819777	3000	103552	0.241798	0.758202	0.287238	0.712762
477819777	3000	103553	0.240146	0.759854	0.281607	0.718393
477819777	3000	103554	0.246129	0.753871	0.290206	0.709794
477819777	3000	103555	0.241763	0.758237	0.288996	0.711004
477819777	3000	103556	0.218775	0.781225	0.280778	0.719222
477819777	3000	103557	0.226672	0.773328	0.288454	0.711546
477819777	3000	103558	0.226303	0.773697	0.279173	0.720827
477819777	3000	103559	0.234213	0.765787	0.283026	0.716974
477819777	3000	103560	0.232009	0.767991	0.295482	0.704518
477819777	3000	103561	0.236736	0.763264	0.306131	0.693869
477819777	3000	103562	0.245418	0.754582	0.311647	0.688353
477819777	3000	103563	0.226559	0.773441	0.303777	0.696223
477819777	3000	103564	0.205592	0.794408	0.302181	0.697819
477819777	3000	103565	0.200398	0.799602	0.303213	0.696787
477819777	3000	103566	0.189049	0.810951	0.296237	0.703763
477819777	3000	103567	0.186394	0.813606	0.277981	0.722019
477819777	3000	103568	0.184426	0.815574	0.267188	0.732812
477819777	3000	103569	0.181818	0.818182	0.266562	0.733438
477819777	3000	103570	0.182839	0.817161	0.26656	0.73344
477819777	3000	103571	0.183608	0.816392	0.278375	0.721625
477819777	3000	103572	0.17957	0.82043	0.292144	0.707856
477819777	3000	103573	0.172305	0.827695	0.299024	0.700976
477819777	3000	103574	0.175474	0.824526	0.315748	0.684252
477819777	3000	103575	0.175446	0.824554	0.3203	0.6797
477819777	3000	103576	0.187349	0.812651	0.318904	0.681096
477819777	3000	103577	0.173722	0.826278	0.320913	0.679087
477819777	3000	103578	0.167672	0.832328	0.335456	0.664544
477819777	3000	103579	0.157641	0.842359	0.335461	0.664539
477819777	3000	103580	0.160578	0.839422	0.329613	0.670387
477819777	3000	103581	0.165037	0.834963	0.335035	0.664965
477819777	3000	103582	0.165664	0.834336	0.335062	0.664938
477819777	3000	103583	0.174597	0.825403	0.33254	0.66746
477819777	3000	103584	0.184366	0.815634	0.325902	0.674098
477819777	3000	103585	0.190884	0.809116	0.329634	0.670366
477819777	3000	103586	0.206978	0.793022	0.315231	0.684769
477819777	3000	103587	0.21318	0.78682	0.321241	0.678759
477819777	3000	103588	0.220582	0.779418	0.30365	0.69635
477819777	3000	103589	0.216706	0.783294	0.309911	0.690089
477819777	3000	103590	0.204173	0.795827	0.314945	0.685055
477819777	3000	103591	0.199438	0.800562	0.33134	0.66866
477819777	3000	103592	0.196631	0.803369	0.343686	0.656314
477819777	3000	103593	0.194103	0.805897	0.362392	0.637608
477819777	3000	103594	0.191753	0.808247	0.366507	0.633493
477819777	3000	103595	0.20098	0.79902	0.352665	0.647335
477819777	3000	103596	0.200319	0.799681	0.342306	0.657694
477819777	3000	103597	0.202212	0.797788	0.348865	0.651135
477819777	3000	103598	0.195748	0.804252	0.354607	0.645393
477819777	3000	103599	0.195338	0.804662	0.350318	0.649682
477819777	3000	103600	0.189157	0.810843	0.364542	0.635458
477819777	3000	103601	0.186998	0.813002	0.371611	0.628389
477819777	3000	103602	0.193836	0.806164	0.362668	0.637332
477819777	3000	103603	0.192186	0.807814	0.379562	0.620438
477819777	3000	103604	0.19201	0.80799	0.372595	0.627405
477819777	3000	103605	0.198311	0.801689	0.365155	0.634845
477819777	3000	103606	0.195982	0.804018	0.354549	0.645451
477819777	3000	103607	0.198216	0.801784	0.338976	0.661024
477819777	3000	103608	0.191907	0.808093	0.321486	0.678514
477819777	3000	103609	0.192157	0.807843	0.309796	0.690204
477819777	3000	103610	0.185438	0.814562	0.303103	0.696897
477819777	3000	103611	0.193814	0.806186	0.305805	0.694195
477819777	3000	103612	0.191964	0.808036	0.298896	0.701104
477819777	3000	103613	0.179703	0.820297	0.307539	0.692461
477819777	3000	103614	0.182397	0.817603	0.320209	0.679791
477819777	3000	103615	0.174687	0.825313	0.317768	0.682232
477819777	3000	103616	0.183955	0.816045	0.306477	0.693523
477819777	3000	103617	0.190363	0.809637	0.296191	0.703809
477819777	3000	103618	0.196086	0.803914	0.282452	0.717548
477819777	3000	103619	0.21294	0.78706	0.282252	0.717748
477819777	3000	103620	0.217166	0.782834	0.276553	0.723447
477819777	3000	103621	0.214634	0.785366	0.28189	0.71811
477819777	3000	103622	0.216042	0.783958	0.298134	0.701866
477819777	3000	103623	0.214314	0.785686	0.290116	0.709884
477819777	3000	103624	0.218085	0.781915	0.289515	0.710485
477819777	3000	103625	0.213631	0.786369	0.283019	0.716981
477819777	3000	103626	0.223821	0.776179	0.29944	0.70056
477819777	3000	103627	0.208469	0.791531	0.299135	0.700865
477819777	3000	103628	0.215058	0.784942	0.30803	0.69197
477819777	3000	103629	0.213432	0.786568	0.289157	0.710843
477819777	3000	103630	0.211632	0.788368	0.285261	0.714739
477819777	3000	103631	0.197301	0.802699	0.272471	0.727529
477819777	3000	103632	0.188446	0.811554	0.259438	0.740562
477819777	3000	103633	0.193509	0.806491	0.262722	0.737278
477819777	3000	103634	0.192682	0.807318	0.260387	0.739613
477819777	3000	103635	0.20515	0.79485	0.256944	0.743056
477819777	3000	103636	0.2085	0.7915	0.237829	0.762171
477819777	3000	103637	0.213095	0.786905	0.249508	0.750492
477819777	3000	103638	0.20716	0.79284	0.252983	0.747017
477819777	3000	103639	0.207698	0.792302	0.26257	0.73743
477819777	3000	103640	0.210171	0.789829	0.269029	0.730971
477819777	3000	103641	0.214515	0.785485	0.270152	0.729848
477819777	3000	103642	0.198209	0.801791	0.27212	0.72788
477819777	3000	103643	0.200946	0.799054	0.272543	0.727457
477819777	3000	103644	0.215686	0.784314	0.279088	0.720912
477819777	3000	103645	0.215428	0.784572	0.263811	0.736189
477819777	3000	103646	0.210463	0.789537	0.264022	0.735978
477819777	3000	103647	0.212193	0.787807	0.260307	0.739693
477819777	3000	103648	0.199007	0.800993	0.267518	0.732482
477819777	3000	103649	0.202372	0.797628	0.274494	0.725506
477819777	3000	103650	0.20449	0.79551	0.280784	0.719216
477819777	3000	103651	0.209901	0.790099	0.286465	0.713535
477819777	3000	103652	0.195435	0.804565	0.279265	0.720735
477819777	3000	103653	0.2	0.8	0.294845	0.705155
477819777	3000	103654	0.193707	0.806293	0.301214	0.698786
477819777	3000	103655	0.199048	0.800952	0.307506	0.692494
477819777	3000	103656	0.200568	0.799432	0.308632	0.691368
477819777	3000	103657	0.205138	0.794862	0.301619	0.698381
477819777	3000	103658	0.192757	0.807243	0.293837	0.706163
477819777	3000	103659	0.182152	0.817848	0.279654	0.720346
477819777	3000	103660	0.176935	0.823065	0.273906	0.726094
477819777	3000	103661	0.17198	0.82802	0.282229	0.717771
477819777	3000	103662	0.168831	0.831169	0.278391	0.721609
477819777	3000	103663	0.174414	0.825586	0.282723	0.717277
477819777	3000	103664	0.174016	0.825984	0.299593	0.700407
477819777	3000	103665	0.172535	0.827465	0.28928	0.71072
477819777	3000	103666	0.176637	0.823363	0.27791	0.72209
477819777	3000	103667	0.17393	0.82607	0.27706	0.72294
477819777	3000	103668	0.174068	0.825932	0.277643	0.722357
477819777	3000	103669	0.172373	0.827627	0.272508	0.727492
477819777	3000	103670	0.168684	0.831316	0.278393	0.721607
477819777	3000	103671	0.169397	0.830603	0.281538	0.718462
477819777	3000	103672	0.16435	0.83565	0.290916	0.709084
477819777	3000	103673	0.168239	0.831761	0.300081	0.699919
477819777	3000	103674	0.169804	0.830196	0.293469	0.706531
477819777	3000	103675	0.178758	0.821242	0.298204	0.701796
477819777	3000	103676	0.188915	0.811085	0.302707	0.697293
477819777	3000	103677	0.17905	0.82095	0.286165	0.713835
477819777	3000	103678	0.181151	0.818849	0.284425	0.715575
477819777	3000	103679	0.186378	0.813622	0.282575	0.717425
477819777	3000	103680	0.166933	0.833067	0.273638	0.726362
477819777	3000	103681	0.159697	0.840303	0.281639	0.718361
477819777	3000	103682	0.153041	0.846959	0.271752	0.728248
477819777	3000	103683	0.162656	0.837344	0.267568	0.732432
477819777	3000	103684	0.160048	0.839952	0.253022	0.746978
477819777	3000	103685	0.16046	0.83954	0.256058	0.743942
477819777	3000	103686	0.158849	0.841151	0.257816	0.742184
477819777	3000	103687	0.156574	0.843426	0.245382	0.754618
477819777	3000	103688	0.154116	0.845884	0.245794	0.754206
477819777	3000	103689	0.163208	0.836792	0.246592	0.753408
477819777	3000	103690	0.166667	0.833333	0.248819	0.751181
477819777	3000	103691	0.168508	0.831492	0.253852	0.746148
477819777	3000	103692	0.174513	0.825487	0.257886	0.742114
477819777	3000	103693	0.176471	0.823529	0.259259	0.740741
477819777	3000	103694	0.166066	0.833934	0.262695	0.737305
477819777	3000	103695	0.169865	0.830135	0.263818	0.736182
477819777	3000	103696	0.162662	0.837338	0.248679	0.751321
477819777	3000	103697	0.15966	0.84034	0.251781	0.748219
477819777	3000	103698	0.156823	0.843177	0.2389	0.7611
477819777	3000	103699	0.168265	0.831735	0.23779	0.76221
477819777	3000	103700	0.171612	0.828388	0.235834	0.764166
477819777	3000	103701	0.164879	0.835121	0.227547	0.772453
477819777	3000	103702	0.165875	0.834125	0.232821	0.767179
477819777	3000	103703	0.168258	0.831742	0.224859	0.775141
477819777	3000	103704	0.164432	0.835568	0.209416	0.790584
477819777	3000	103705	0.175729	0.824271	0.210398	0.789602
477819777	3000	103706	0.182422	0.817578	0.205738	0.794262
477819777	3000	103707	0.182219	0.817781	0.211346	0.788654
477819777	3000	103708	0.181321	0.818679	0.213437	0.786563
477819777	3000	103709	0.19898	0.80102	0.232055	0.767945
477819777	3000	103710	0.20262	0.79738	0.235823	0.764177
477819777	3000	103711	0.214736	0.785264	0.220146	0.779854
477819777	3000	103712	0.200947	0.799053	0.225375	0.774625
477819777	3000	103713	0.196663	0.803337	0.222714	0.777286
477819777	3000	103714	0.214257	0.785743	0.243308	0.756692
477819777	3000	103715	0.201516	0.798484	0.24579	0.75421
477819777	3000	103716	0.209867	0.790133	0.245298	0.754702
477819777	3000	103717	0.206101	0.793899	0.242734	0.757266
477819777	3000	103718	0.202927	0.797073	0.231392	0.768608
477819777	3000	103719	0.202064	0.797936	0.228134	0.771866
477819777	3000	103720	0.203801	0.796199	0.225168	0.774832
477819777	3000	103721	0.203778	0.796222	0.204618	0.795382
477819777	3000	103722	0.187967	0.812033	0.210012	0.789988
477819777	3000	103723	0.178006	0.821994	0.210761	0.789239
477819777	3000	103724	0.178878	0.821122	0.203369	0.796631
477819777	3000	103725	0.163141	0.836859	0.195909	0.804091
477819777	3000	103726	0.166208	0.833792	0.197149	0.802851
477819777	3000	103727	0.179039	0.820961	0.195083	0.804917
477819777	3000	103728	0.18123	0.81877	0.186313	0.813687
477819777	3000	103729	0.181392	0.818608	0.184275	0.815725
477819777	3000	103730	0.180766	0.819234	0.19166	0.80834
477819777	3000	103731	0.167462	0.832538	0.189863	0.810137
477819777	3000	103732	0.16562	0.83438	0.196166	0.803834
477819777	3000	103733	0.165625	0.834375	0.211885	0.788115
477819777	3000	103734	0.162076	0.837924	0.199599	0.800401
477819777	3000	103735	0.161421	0.838579	0.184377	0.815623
477819777	3000	103736	0.153012	0.846988	0.204382	0.795618
477819777	3000	103737	0.156367	0.843633	0.205485	0.794515
477819777	3000	103738	0.160599	0.839401	0.202136	0.797864
477819777	3000	103739	0.162022	0.837978	0.201768	0.798232
477819777	3000	103740	0.163921	0.836079	0.186778	0.813222
477819777	3000	103741	0.158192	0.841808	0.176844	0.823156
477819777	3000	103742	0.145882	0.854118	0.173061	0.826939
477819777	3000	103743	0.151994	0.848006	0.171058	0.828942
477819777	3000	103744	0.141471	0.858529	0.164687	0.835313
477819777	3000	103745	0.13474	0.86526	0.164826	0.835174
477819777	3000	103746	0.132924	0.867076	0.16047	0.83953
477819777	3000	103747	0.129151	0.870849	0.160484	0.839516
477819777	3000	103748	0.131317	0.868683	0.167827	0.832173
477819777	3000	103749	0.145404	0.854596	0.169225	0.830775
477819777	3000	103750	0.139267	0.860733	0.164011	0.835989
477819777	3000	103751	0.1344	0.8656	0.1636	0.8364
477819777	3000	103752	0.136148	0.863852	0.174371	0.825629
477819777	3000	103753	0.124305	0.875695	0.182514	0.817486
477819777	3000	103754	0.118768	0.881232	0.191473	0.808527
477819777	3000	103755	0.119631	0.880369	0.185333	0.814667
477819777	3000	103756	0.117318	0.882682	0.183641	0.816359
477819777	3000	103757	0.120573	0.879427	0.187776	0.812224
477819777	3000	103758	0.128094	0.871906	0.189817	0.810183
477819777	3000	103759	0.124507	0.875493	0.18156	0.81844
477819777	3000	103760	0.127479	0.872521	0.189798	0.810202
477819777	3000	103761	0.127048	0.872952	0.197837	0.802163
477819777	3000	103762	0.122058	0.877942	0.208584	0.791416
477819777	3000	103763	0.127081	0.872919	0.216003	0.783997
477819777	3000	103764	0.128429	0.871571	0.226157	0.773843
477819777	3000	103765	0.133549	0.866451	0.226176	0.773824
477819777	3000	103766	0.133094	0.866906	0.222978	0.777022
477819777	3000	103767	0.126482	0.873518	0.221053	0.778947
477819777	3000	103768	0.131749	0.868251	0.229944	0.770056
477819777	3000	103769	0.120527	0.879473	0.219541	0.780459
477819777	3000	103770	0.125	0.875	0.217233	0.782767
477819777	3000	103771	0.124644	0.875356	0.230648	0.769352
477819777	3000	103772	0.119105	0.880895	0.235789	0.764211
477819777	3000	103773	0.127651	0.872349	0.219776	0.780224
477819777	3000	103774	0.135199	0.864801	0.230613	0.769387
477819777	3000	103775	0.135202	0.864798	0.229215	0.770785
477819777	3000	103776	0.134434	0.865566	0.22557	0.77443
477819777	3000	103777	0.136439	0.863561	0.231546	0.768454
477819777	3000	103778	0.131642	0.868358	0.230428	0.769572
477819777	3000	103779	0.132544	0.867456	0.223935	0.776065
477819777	3000	103780	0.134049	0.865951	0.23572	0.76428
477819777	3000	103781	0.140483	0.859517	0.237768	0.762232
477819777	3000	103782	0.15074	0.84926	0.2501	0.7499
477819777	3000	103783	0.151771	0.848229	0.230127	0.769873
477819777	3000	103784	0.146166	0.853834	0.234776	0.765224
477819777	3000	103785	0.139351	0.860649	0.232821	0.767179
477819777	3000	103786	0.134813	0.865187	0.220101	0.779899
477819777	3000	103787	0.136578	0.863422	0.228793	0.771207
477819777	3000	103788	0.138387	0.861613	0.22856	0.77144
477819777	3000	103789	0.14371	0.85629	0.21865	0.78135
477819777	3000	103790	0.144545	0.855455	0.225924	0.774076
477819777	3000	103791	0.158648	0.841352	0.239839	0.760161
477819777	3000	103792	0.171639	0.828361	0.22875	0.77125
477819777	3000	103793	0.156879	0.843121	0.232299	0.767701
477819777	3000	103794	0.153662	0.846338	0.245579	0.754421
477819777	3000	103795	0.153846	0.846154	0.250298	0.749702
477819777	3000	103796	0.14943	0.85057	0.260073	0.739927
477819777	3000	103797	0.140447	0.859553	0.262342	0.737658
477819777	3000	103798	0.14534	0.85466	0.269854	0.730146
477819777	3000	103799	0.157114	0.842886	0.264271	0.735729
477819777	3000	103800	0.151589	0.848411	0.274156	0.725844
477819777	3000	103801	0.155992	0.844008	0.266395	0.733605
477819777	3000	103802	0.15656	0.84344	0.264433	0.735567
477819777	3000	103803	0.166601	0.833399	0.275918	0.724082
477819777	3000	103804	0.17226	0.82774	0.290859	0.709141
477819777	3000	103805	0.176447	0.823553	0.285772	0.714228
477819777	3000	103806	0.168612	0.831388	0.277535	0.722465
477819777	3000	103807	0.175355	0.824645	0.286467	0.713533
477819777	3000	103808	0.173878	0.826122	0.299565	0.700435
477819777	3000	103809	0.155793	0.844207	0.27843	0.72157
477819777	3000	103810	0.159984	0.840016	0.278931	0.721069
477819777	3000	103811	0.174345	0.825655	0.282031	0.717969
477819777	3000	103812	0.173429	0.826571	0.271923	0.728077
477819777	3000	103813	0.16994	0.83006	0.267066	0.732934
477819777	3000	103814	0.16291	0.83709	0.257386	0.742614
477819777	3000	103815	0.164394	0.835606	0.251541	0.748459
477819777	3000	103816	0.161871	0.838129	0.248199	0.751801
477819777	3000	103817	0.154209	0.845791	0.234744	0.765256
477819777	3000	103818	0.171042	0.828958	0.240827	0.759173
477819777	3000	103819	0.178329	0.821671	0.251301	0.748699
477819777	3000	103820	0.184371	0.815629	0.263468	0.736532
477819777	3000	103821	0.180414	0.819586	0.265065	0.734935
477819777	3000	103822	0.171825	0.828175	0.256452	0.743548
477819777	3000	103823	0.179123	0.820877	0.247439	0.752561
477819777	3000	103824	0.174765	0.825235	0.230392	0.769608
477819777	3000	103825	0.180937	0.819063	0.226624	0.773376
477819777	3000	103826	0.183494	0.816506	0.210463	0.789537
477819777	3000	103827	0.171382	0.828618	0.200713	0.799287
477819777	3000	103828	0.175097	0.824903	0.213169	0.786831
477819777	3000	103829	0.180617	0.819383	0.210947	0.789053
477819777	3000	103830	0.184964	0.815036	0.206356	0.793644
477819777	3000	103831	0.192262	0.807738	0.205375	0.794625
477819777	3000	103832	0.192679	0.807321	0.217184	0.782816
477819777	3000	103833	0.183529	0.816471	0.222449	0.777551
477819777	3000	103834	0.173772	0.826228	0.220733	0.779267
477819777	3000	103835	0.180784	0.819216	0.194286	0.805714
477819777	3000	103836	0.180495	0.819505	0.192511	0.807489
477819777	3000	103837	0.190763	0.809237	0.195219	0.804781
477819777	3000	103838	0.188717	0.811283	0.192912	0.807088
477819777	3000	103839	0.194705	0.805295	0.204322	0.795678
477819777	3000	103840	0.197506	0.802494	0.212808	0.787192
477819777	3000	103841	0.19703	0.80297	0.200558	0.799442
477819777	3000	103842	0.191991	0.808009	0.200978	0.799022
477819777	3000	103843	0.201824	0.798176	0.212268	0.787732
477819777	3000	103844	0.19984	0.80016	0.21297	0.78703
477819777	3000	103845	0.195074	0.804926	0.207813	0.792187
477819777	3000	103846	0.191057	0.808943	0.197244	0.802756
477819777	3000	103847	0.185259	0.814741	0.19759	0.80241
477819777	3000	103848	0.195192	0.804808	0.199136	0.800864
477819777	3000	103849	0.205138	0.794862	0.192713	0.807287
477819777	3000	103850	0.202557	0.797443	0.218262	0.781738
477819777	3000	103851	0.195591	0.804409	0.211178	0.788822
477819777	3000	103852	0.203275	0.796725	0.213542	0.786458
477819777	3000	103853	0.210962	0.789038	0.208198	0.791802
477819777	3000	103854	0.220879	0.779121	0.211989	0.788011
477819777	3000	103855	0.21853	0.78147	0.226454	0.773546
477819777	3000	103856	0.222794	0.777206	0.232511	0.767489
477819777	3000	103857	0.23344	0.76656	0.241379	0.758621
477819777	3000	103858	0.238173	0.761827	0.241366	0.758634
477819777	3000	103859	0.259171	0.740829	0.239968	0.760032
477819777	3000	103860	0.238971	0.761029	0.240987	0.759013
477819777	3000	103861	0.247505	0.752495	0.244088	0.755912
477819777	3000	103862	0.245915	0.754085	0.23605	0.76395
477819777	3000	103863	0.236832	0.763168	0.239156	0.760844
477819777	3000	103864	0.241986	0.758014	0.238739	0.761261
477819777	3000	103865	0.244076	0.755924	0.244327	0.755673
477819777	3000	103866	0.239199	0.760801	0.257539	0.742461
477819777	3000	103867	0.230552	0.769448	0.24216	0.75784
477819777	3000	103868	0.235592	0.764408	0.258224	0.741776
477819777	3000	103869	0.240466	0.759534	0.254683	0.745317
477819777	3000	103870	0.242818	0.757182	0.255388	0.744612
477819777	3000	103871	0.243836	0.756164	0.258487	0.741513
477819777	3000	103872	0.253317	0.746683	0.252288	0.747712
477819777	3000	103873	0.253731	0.746269	0.259421	0.740579
477819777	3000	103874	0.254411	0.745589	0.266875	0.733125
477819777	3000	103875	0.252184	0.747816	0.269138	0.730862
477819777	3000	103876	0.24704	0.75296	0.263426	0.736574
477819777	3000	103877	0.243159	0.756841	0.267813	0.732187
477819777	3000	103878	0.241475	0.758525	0.257466	0.742534
477819777	3000	103879	0.230489	0.769511	0.254848	0.745152
477819777	3000	103880	0.22655	0.77345	0.26087	0.73913
477819777	3000	103881	0.219581	0.780419	0.25973	0.74027
477819777	3000	103882	0.215781	0.784219	0.259936	0.740064
477819777	3000	103883	0.217023	0.782977	0.262991	0.737009
477819777	3000	103884	0.201525	0.798475	0.267039	0.732961
477819777	3000	103885	0.193866	0.806134	0.264143	0.735857
477819777	3000	103886	0.192171	0.807829	0.264265	0.735735
477819777	3000	103887	0.195688	0.804312	0.268293	0.731707
477819777	3000	103888	0.190686	0.809314	0.247908	0.752092
477819777	3000	103889	0.186883	0.813117	0.234103	0.765897
477819777	3000	103890	0.188786	0.811214	0.233241	0.766759
477819777	3000	103891	0.193264	0.806736	0.231844	0.768156
477819777	3000	103892	0.189828	0.810172	0.234119	0.765881
477819777	3000	103893	0.182419	0.817581	0.237546	0.762454
477819777	3000	103894	0.184561	0.815439	0.227124	0.772876
477819777	3000	103895	0.186897	0.813103	0.228503	0.771497
477819777	3000	103896	0.184548	0.815452	0.223821	0.776179
477819777	3000	103897	0.189347	0.810653	0.21458	0.78542
477819777	3000	103898	0.182761	0.817239	0.219727	0.780273
477819777	3000	103899	0.187375	0.812625	0.221866	0.778134
477819777	3000	103900	0.174622	0.825378	0.209574	0.790426
477819777	3000	103901	0.172196	0.827804	0.205024	0.794976
477819777	3000	103902	0.175234	0.824766	0.204359	0.795641
477819777	3000	103903	0.167897	0.832103	0.196951	0.803049
477819777	3000	103904	0.165395	0.834605	0.193703	0.806297
477819777	3000	103905	0.1713	0.8287	0.194988	0.805012
477819777	3000	103906	0.168504	0.831496	0.195935	0.804065
477819777	3000	103907	0.159904	0.840096	0.192354	0.807646
477819777	3000	103908	0.164351	0.835649	0.195889	0.804111
477819777	3000	103909	0.159218	0.840782	0.207298	0.792702
477819777	3000	103910	0.15716	0.84284	0.214601	0.785399
477819777	3000	103911	0.162451	0.837549	0.207692	0.792308
477819777	3000	103912	0.161303	0.838697	0.206605	0.793395
477819777	3000	103913	0.169909	0.830091	0.199919	0.800081
477819777	3000	103914	0.178888	0.821112	0.21247	0.78753
477819777	3000	103915	0.173862	0.826138	0.21408	0.78592
477819777	3000	103916	0.169152	0.830848	0.215334	0.784666
477819777	3000	103917	0.170213	0.829787	0.213241	0.786759
477819777	3000	103918	0.173046	0.826954	0.210674	0.789326
477819777	3000	103919	0.175148	0.824852	0.216227	0.783773
477819777	3000	103920	0.168862	0.831138	0.206012	0.793988
477819777	3000	103921	0.16538	0.83462	0.208744	0.791256
477819777	3000	103922	0.165994	0.834006	0.204041	0.795959
477819777	3000	103923	0.177108	0.822892	0.214343	0.785657
477819777	3000	103924	0.1666	0.8334	0.219463	0.780537
477819777	3000	103925	0.1617	0.8383	0.224325	0.775675
477819777	3000	103926	0.154297	0.845703	0.22377	0.77623
477819777	3000	103927	0.154757	0.845243	0.22501	0.77499
477819777	3000	103928	0.14926	0.85074	0.222679	0.777321
477819777	3000	103929	0.158424	0.841576	0.236371	0.763629
477819777	3000	103930	0.159953	0.840047	0.237413	0.762587
477819777	3000	103931	0.163715	0.836285	0.248882	0.751118
477819777	3000	103932	0.1731	0.8269	0.240048	0.759952
477819777	3000	103933	0.151771	0.848229	0.24841	0.75159
477819777	3000	103934	0.1562	0.8438	0.262882	0.737118
477819777	3000	103935	0.160757	0.839243	0.278635	0.721365
477819777	3000	103936	0.166934	0.833066	0.273381	0.726619
477819777	3000	103937	0.172207	0.827793	0.257291	0.742709
477819777	3000	103938	0.171894	0.828106	0.258153	0.741847
477819777	3000	103939	0.171417	0.828583	0.247908	0.752092
477819777	3000	103940	0.171005	0.828995	0.242109	0.757891
477819777	3000	103941	0.166599	0.833401	0.239686	0.760314
477819777	3000	103942	0.153114	0.846886	0.244857	0.755143
477819777	3000	103943	0.146351	0.853649	0.240162	0.759838
477819777	3000	103944	0.141596	0.858404	0.223375	0.776625
477819777	3000	103945	0.148988	0.851012	0.226877	0.773123
477819777	3000	103946	0.157809	0.842191	0.239053	0.760947
477819777	3000	103947	0.168598	0.831402	0.237085	0.762915
477819777	3000	103948	0.166078	0.833922	0.243783	0.756217
477819777	3000	103949	0.165241	0.834759	0.26112	0.73888
477819777	3000	103950	0.171782	0.828218	0.276194	0.723806
477819777	3000	103951	0.164406	0.835594	0.273471	0.726529
477819777	3000	103952	0.155689	0.844311	0.266132	0.733868
477819777	3000	103953	0.145631	0.854369	0.267405	0.732595
477819777	3000	103954	0.140741	0.859259	0.265708	0.734292
477819777	3000	103955	0.143722	0.856278	0.254855	0.745145
477819777	3000	103956	0.134814	0.865186	0.266344	0.733656
477819777	3000	103957	0.131305	0.868695	0.291367	0.708633
477819777	3000	103958	0.151019	0.848981	0.294353	0.705647
477819777	3000	103959	0.143087	0.856913	0.289401	0.710599
477819777	3000	103960	0.131056	0.868944	0.284448	0.715552
477819777	3000	103961	0.136776	0.863224	0.287454	0.712546
477819777	3000	103962	0.129058	0.870942	0.278391	0.721609
477819777	3000	103963	0.128993	0.871007	0.283736	0.716264
477819777	3000	103964	0.128862	0.871138	0.282677	0.717323
477819777	3000	103965	0.127798	0.872202	0.286276	0.713724
477819777	3000	103966	0.136218	0.863782	0.277955	0.722045
477819777	3000	103967	0.1488	0.8512	0.2776	0.7224
477819777	3000	103968	0.15006	0.84994	0.278289	0.721711
477819777	3000	103969	0.147095	0.852905	0.288302	0.711698
477819777	3000	103970	0.148774	0.851226	0.29606	0.70394
477819777	3000	103971	0.139747	0.860253	0.291431	0.708569
477819777	3000	103972	0.128769	0.871231	0.289474	0.710526
477819777	3000	103973	0.128338	0.871662	0.291449	0.708551
477819777	3000	103974	0.130957	0.869043	0.304035	0.695965
477819777	3000	103975	0.122213	0.877787	0.314711	0.685289
477819777	3000	103976	0.116774	0.883226	0.307815	0.692185
477819777	3000	103977	0.118698	0.881302	0.313986	0.686014
477819777	3000	103978	0.121176	0.878824	0.32035	0.67965
477819777	3000	103979	0.113654	0.886346	0.32644	0.67356
477819777	3000	103980	0.114229	0.885771	0.342105	0.657895
477819777	3000	103981	0.112591	0.887409	0.337431	0.662569
477819777	3000	103982	0.105469	0.894531	0.342623	0.657377
477819777	3000	103983	0.110934	0.889066	0.331992	0.668008
477819777	3000	103984	0.107957	0.892043	0.32413	0.67587
477819777	3000	103985	0.102866	0.897134	0.31757	0.68243
477819777	3000	103986	0.098586	0.901414	0.313773	0.686227
477819777	3000	103987	0.0918204	0.90818	0.30846	0.69154
477819777	3000	103988	0.089901	0.910099	0.303434	0.696566
477819777	3000	103989	0.0882471	0.911753	0.292381	0.707619
477819777	3000	103990	0.0870942	0.912906	0.295473	0.704527
477819777	3000	103991	0.0855765	0.914423	0.297889	0.702111
477819777	3000	103992	0.0782327	0.921767	0.303198	0.696802
477819777	3000	103993	0.0720792	0.927921	0.298182	0.701818
477819777	3000	103994	0.0684822	0.931518	0.303636	0.696364
477819777	3000	103995	0.0562701	0.94373	0.296975	0.703025
477819777	3000	103996	0.0575916	0.942408	0.295193	0.704807
477819777	3000	103997	0.0578351	0.942165	0.30807	0.69193
477819777	3000	103998	0.0566706	0.943329	0.311509	0.688491
477819777	3000	103999	0.0627697	0.93723	0.318645	0.681355
477819777	3000	104000	0.0605355	0.939464	0.318201	0.681799
