ID	Td	gen	p1m_in_p3	p2m_in_p3	p1f_in_p3	p2f_in_p3
564810278	100	100100	0.606426	0.393574	0.86747	0.13253
564810278	100	100101	0.580769	0.419231	0.84375	0.15625
564810278	100	100102	0.603206	0.396794	0.858283	0.141717
564810278	100	100103	0.607724	0.392276	0.872047	0.127953
564810278	100	100104	0.602881	0.397119	0.873541	0.126459
564810278	100	100105	0.608108	0.391892	0.860996	0.139004
564810278	100	100106	0.622605	0.377395	0.870293	0.129707
564810278	100	100107	0.638776	0.361224	0.854902	0.145098
564810278	100	100108	0.602362	0.397638	0.892276	0.107724
564810278	100	100109	0.60687	0.39313	0.892857	0.107143
564810278	100	100110	0.561616	0.438384	0.916832	0.0831683
564810278	100	100111	0.56405	0.43595	0.916667	0.0833333
564810278	100	100112	0.541922	0.458078	0.927593	0.072407
564810278	100	100113	0.557344	0.442656	0.940358	0.0596421
564810278	100	100114	0.53178	0.46822	0.9375	0.0625
564810278	100	100115	0.486316	0.513684	0.942857	0.0571429
564810278	100	100116	0.518595	0.481405	0.955426	0.0445736
564810278	100	100117	0.521921	0.478079	0.952015	0.0479846
564810278	100	100118	0.546025	0.453975	0.940613	0.059387
564810278	100	100119	0.602911	0.397089	0.936416	0.0635838
564810278	100	100120	0.601215	0.398785	0.924901	0.0750988
564810278	100	100121	0.585513	0.414487	0.932406	0.0675944
564810278	100	100122	0.56238	0.43762	0.933194	0.0668058
564810278	100	100123	0.535642	0.464358	0.91945	0.0805501
564810278	100	100124	0.555556	0.444444	0.869307	0.130693
564810278	100	100125	0.559426	0.440574	0.904297	0.0957031
564810278	100	100126	0.569201	0.430799	0.909651	0.0903491
564810278	100	100127	0.554054	0.445946	0.914938	0.0850622
564810278	100	100128	0.534749	0.465251	0.910788	0.0892116
564810278	100	100129	0.512922	0.487078	0.911469	0.0885312
564810278	100	100130	0.537344	0.462656	0.913127	0.0868726
564810278	100	100131	0.511905	0.488095	0.907258	0.0927419
564810278	100	100132	0.531568	0.468432	0.897839	0.102161
564810278	100	100133	0.550201	0.449799	0.918327	0.0816733
564810278	100	100134	0.53144	0.46856	0.934911	0.0650888
564810278	100	100135	0.503043	0.496957	0.925049	0.0749507
564810278	100	100136	0.487552	0.512448	0.92278	0.0772201
564810278	100	100137	0.510504	0.489496	0.925573	0.0744275
564810278	100	100138	0.48497	0.51503	0.94012	0.0598802
564810278	100	100139	0.463312	0.536688	0.944551	0.0554493
564810278	100	100140	0.448898	0.551102	0.93014	0.0698603
564810278	100	100141	0.419483	0.580517	0.929577	0.0704225
564810278	100	100142	0.419624	0.580376	0.942418	0.0575816
564810278	100	100143	0.406439	0.593561	0.95825	0.0417495
564810278	100	100144	0.412429	0.587571	0.946695	0.0533049
564810278	100	100145	0.417178	0.582822	0.966732	0.0332681
564810278	100	100146	0.370093	0.629907	0.956989	0.0430108
564810278	100	100147	0.34004	0.65996	0.954274	0.0457256
564810278	100	100148	0.318458	0.681542	0.966469	0.0335306
564810278	100	100149	0.320866	0.679134	0.963415	0.0365854
564810278	100	100150	0.319502	0.680498	0.967181	0.0328185
564810278	100	100151	0.318898	0.681102	0.957317	0.0426829
564810278	100	100152	0.313576	0.686424	0.9413	0.0587002
564810278	100	100153	0.298211	0.701789	0.94165	0.0583501
564810278	100	100154	0.280632	0.719368	0.933198	0.0668016
564810278	100	100155	0.273786	0.726214	0.942268	0.057732
564810278	100	100156	0.242489	0.757511	0.923221	0.076779
564810278	100	100157	0.203593	0.796407	0.90982	0.0901804
564810278	100	100158	0.202429	0.797571	0.924901	0.0750988
564810278	100	100159	0.219008	0.780992	0.930233	0.0697674
564810278	100	100160	0.178295	0.821705	0.921488	0.0785124
564810278	100	100161	0.171375	0.828625	0.921109	0.0788913
564810278	100	100162	0.163968	0.836032	0.920949	0.0790514
564810278	100	100163	0.14346	0.85654	0.942966	0.0570342
564810278	100	100164	0.138614	0.861386	0.939394	0.0606061
564810278	100	100165	0.129159	0.870841	0.92638	0.0736196
564810278	100	100166	0.147475	0.852525	0.918812	0.0811881
564810278	100	100167	0.152778	0.847222	0.933468	0.0665323
564810278	100	100168	0.167006	0.832994	0.954813	0.0451866
564810278	100	100169	0.169291	0.830709	0.957317	0.0426829
564810278	100	100170	0.177645	0.822355	0.957916	0.0420842
564810278	100	100171	0.205703	0.794297	0.941061	0.0589391
564810278	100	100172	0.187867	0.812133	0.93865	0.0613497
564810278	100	100173	0.205607	0.794393	0.952688	0.0473118
564810278	100	100174	0.174853	0.825147	0.95112	0.0488798
564810278	100	100175	0.161616	0.838384	0.950495	0.049505
564810278	100	100176	0.153543	0.846457	0.947154	0.0528455
564810278	100	100177	0.149105	0.850895	0.963783	0.0362173
564810278	100	100178	0.133333	0.866667	0.964356	0.0356436
564810278	100	100179	0.137787	0.862213	0.96929	0.0307102
564810278	100	100180	0.137931	0.862069	0.956607	0.0433925
564810278	100	100181	0.148515	0.851485	0.967677	0.0323232
564810278	100	100182	0.133981	0.866019	0.964948	0.0350515
564810278	100	100183	0.136802	0.863198	0.960499	0.039501
564810278	100	100184	0.14	0.86	0.966	0.034
564810278	100	100185	0.129594	0.870406	0.968944	0.0310559
564810278	100	100186	0.125498	0.874502	0.959839	0.0401606
564810278	100	100187	0.151163	0.848837	0.960744	0.0392562
564810278	100	100188	0.152344	0.847656	0.959016	0.0409836
564810278	100	100189	0.158562	0.841438	0.946869	0.0531309
564810278	100	100190	0.154309	0.845691	0.942116	0.0578842
564810278	100	100191	0.172345	0.827655	0.948104	0.0518962
564810278	100	100192	0.177734	0.822266	0.940574	0.0594262
564810278	100	100193	0.193814	0.806186	0.947573	0.0524272
564810278	100	100194	0.191898	0.808102	0.945386	0.0546139
564810278	100	100195	0.154309	0.845691	0.954092	0.0459082
564810278	100	100196	0.147705	0.852295	0.951904	0.0480962
564810278	100	100197	0.151394	0.848606	0.941767	0.0582329
564810278	100	100198	0.15087	0.84913	0.917184	0.0828157
564810278	100	100199	0.133843	0.866157	0.899371	0.100629
564810278	100	100200	0.12	0.88	0.91	0.09
564810278	100	100201	0.117534	0.882466	0.906445	0.0935551
564810278	100	100202	0.127083	0.872917	0.913462	0.0865385
564810278	100	100203	0.133829	0.866171	0.926407	0.0735931
564810278	100	100204	0.105163	0.894837	0.932914	0.067086
564810278	100	100205	0.0938776	0.906122	0.943137	0.0568627
564810278	100	100206	0.100418	0.899582	0.94636	0.0536398
564810278	100	100207	0.116466	0.883534	0.948207	0.0517928
564810278	100	100208	0.127572	0.872428	0.945525	0.0544747
564810278	100	100209	0.12249	0.87751	0.956175	0.0438247
564810278	100	100210	0.149573	0.850427	0.945489	0.0545113
564810278	100	100211	0.17341	0.82659	0.945946	0.0540541
564810278	100	100212	0.166983	0.833017	0.938689	0.0613108
564810278	100	100213	0.198795	0.801205	0.930279	0.0697211
564810278	100	100214	0.194499	0.805501	0.95112	0.0488798
564810278	100	100215	0.20155	0.79845	0.952479	0.0475207
564810278	100	100216	0.178357	0.821643	0.944112	0.0558882
564810278	100	100217	0.186	0.814	0.944	0.056
564810278	100	100218	0.193227	0.806773	0.943775	0.0562249
564810278	100	100219	0.22549	0.77451	0.934694	0.0653061
564810278	100	100220	0.219802	0.780198	0.947475	0.0525253
564810278	100	100221	0.168582	0.831418	0.968619	0.0313808
564810278	100	100222	0.170385	0.829615	0.964497	0.035503
564810278	100	100223	0.156069	0.843931	0.962578	0.037422
564810278	100	100224	0.145749	0.854251	0.970356	0.0296443
564810278	100	100225	0.148148	0.851852	0.957198	0.0428016
564810278	100	100226	0.139676	0.860324	0.950593	0.0494071
564810278	100	100227	0.152401	0.847599	0.93858	0.0614203
564810278	100	100228	0.158228	0.841772	0.941065	0.0589354
564810278	100	100229	0.168016	0.831984	0.93083	0.06917
564810278	100	100230	0.129555	0.870445	0.928854	0.0711462
564810278	100	100231	0.146045	0.853955	0.91716	0.0828402
564810278	100	100232	0.162978	0.837022	0.902584	0.0974155
564810278	100	100233	0.147228	0.852772	0.878407	0.121593
564810278	100	100234	0.134	0.866	0.862	0.138
564810278	100	100235	0.129456	0.870544	0.869379	0.130621
564810278	100	100236	0.134694	0.865306	0.852941	0.147059
564810278	100	100237	0.135983	0.864017	0.833333	0.166667
564810278	100	100238	0.144	0.856	0.84	0.16
564810278	100	100239	0.152941	0.847059	0.857143	0.142857
564810278	100	100240	0.153374	0.846626	0.857143	0.142857
564810278	100	100241	0.150313	0.849687	0.859885	0.140115
564810278	100	100242	0.140562	0.859438	0.878486	0.121514
564810278	100	100243	0.142857	0.857143	0.82549	0.17451
564810278	100	100244	0.152475	0.847525	0.80202	0.19798
564810278	100	100245	0.149901	0.850099	0.778905	0.221095
564810278	100	100246	0.177866	0.822134	0.775304	0.224696
564810278	100	100247	0.186747	0.813253	0.776892	0.223108
564810278	100	100248	0.190184	0.809816	0.802348	0.197652
564810278	100	100249	0.235789	0.764211	0.80381	0.19619
564810278	100	100250	0.234469	0.765531	0.816367	0.183633
564810278	100	100251	0.293388	0.706612	0.827519	0.172481
564810278	100	100252	0.288	0.712	0.844	0.156
564810278	100	100253	0.330645	0.669355	0.853175	0.146825
564810278	100	100254	0.326733	0.673267	0.880808	0.119192
564810278	100	100255	0.298419	0.701581	0.876518	0.123482
564810278	100	100256	0.2625	0.7375	0.880769	0.119231
564810278	100	100257	0.258824	0.741176	0.871429	0.128571
564810278	100	100258	0.246493	0.753507	0.864271	0.135729
564810278	100	100259	0.262525	0.737475	0.854291	0.145709
564810278	100	100260	0.248971	0.751029	0.871595	0.128405
564810278	100	100261	0.259887	0.740113	0.878465	0.121535
564810278	100	100262	0.272381	0.727619	0.858947	0.141053
564810278	100	100263	0.270588	0.729412	0.836735	0.163265
564810278	100	100264	0.252632	0.747368	0.811429	0.188571
564810278	100	100265	0.262646	0.737354	0.783951	0.216049
564810278	100	100266	0.245136	0.754864	0.788066	0.211934
564810278	100	100267	0.237525	0.762475	0.809619	0.190381
564810278	100	100268	0.251521	0.748479	0.824458	0.175542
564810278	100	100269	0.254545	0.745455	0.825743	0.174257
564810278	100	100270	0.231225	0.768775	0.838057	0.161943
564810278	100	100271	0.193159	0.806841	0.848907	0.151093
564810278	100	100272	0.214	0.786	0.844	0.156
564810278	100	100273	0.226378	0.773622	0.855691	0.144309
564810278	100	100274	0.20935	0.79065	0.854331	0.145669
564810278	100	100275	0.211382	0.788618	0.852362	0.147638
564810278	100	100276	0.185484	0.814516	0.863095	0.136905
564810278	100	100277	0.159274	0.840726	0.900794	0.0992063
564810278	100	100278	0.187755	0.812245	0.913725	0.0862745
564810278	100	100279	0.183206	0.816794	0.911765	0.0882353
564810278	100	100280	0.168378	0.831622	0.912281	0.0877193
564810278	100	100281	0.159363	0.840637	0.919679	0.0803213
564810278	100	100282	0.153209	0.846791	0.920696	0.0793037
564810278	100	100283	0.165631	0.834369	0.930368	0.0696325
564810278	100	100284	0.170588	0.829412	0.920408	0.0795918
564810278	100	100285	0.156425	0.843575	0.904968	0.0950324
564810278	100	100286	0.156604	0.843396	0.897872	0.102128
564810278	100	100287	0.123232	0.876768	0.89901	0.10099
564810278	100	100288	0.139847	0.860153	0.90795	0.0920502
564810278	100	100289	0.141434	0.858566	0.901606	0.0983936
564810278	100	100290	0.151639	0.848361	0.90625	0.09375
564810278	100	100291	0.140927	0.859073	0.919087	0.0809129
564810278	100	100292	0.167641	0.832359	0.917864	0.0821355
564810278	100	100293	0.188716	0.811284	0.927984	0.0720165
564810278	100	100294	0.19883	0.80117	0.911704	0.0882957
564810278	100	100295	0.192771	0.807229	0.906375	0.0936255
564810278	100	100296	0.166016	0.833984	0.913934	0.0860656
564810278	100	100297	0.164329	0.835671	0.926148	0.0738523
564810278	100	100298	0.145833	0.854167	0.942308	0.0576923
564810278	100	100299	0.138144	0.861856	0.947573	0.0524272
564810278	100	100300	0.122984	0.877016	0.94246	0.0575397
564810278	100	100301	0.125984	0.874016	0.939024	0.0609756
564810278	100	100302	0.129278	0.870722	0.934599	0.0654008
564810278	100	100303	0.162978	0.837022	0.940358	0.0596421
564810278	100	100304	0.1569	0.8431	0.946921	0.0530786
564810278	100	100305	0.185039	0.814961	0.945122	0.054878
564810278	100	100306	0.159449	0.840551	0.95122	0.0487805
564810278	100	100307	0.147929	0.852071	0.951318	0.0486815
564810278	100	100308	0.185185	0.814815	0.949416	0.0505837
564810278	100	100309	0.171779	0.828221	0.953033	0.0469667
564810278	100	100310	0.16129	0.83871	0.948413	0.0515873
564810278	100	100311	0.140039	0.859961	0.959432	0.040568
564810278	100	100312	0.168357	0.831643	0.962525	0.0374753
564810278	100	100313	0.169697	0.830303	0.958416	0.0415842
564810278	100	100314	0.155689	0.844311	0.965932	0.0340681
564810278	100	100315	0.137331	0.862669	0.977226	0.0227743
564810278	100	100316	0.164634	0.835366	0.982283	0.0177165
564810278	100	100317	0.159091	0.840909	0.994186	0.00581395
564810278	100	100318	0.170341	0.829659	0.994012	0.00598802
564810278	100	100319	0.180077	0.819923	0.993724	0.00627615
564810278	100	100320	0.181425	0.818575	0.992551	0.00744879
564810278	100	100321	0.181818	0.818182	0.99031	0.00968992
564810278	100	100322	0.177645	0.822355	0.991984	0.00801603
564810278	100	100323	0.182573	0.817427	0.988417	0.011583
564810278	100	100324	0.187377	0.812623	0.991886	0.00811359
564810278	100	100325	0.173745	0.826255	0.991701	0.00829876
564810278	100	100326	0.195473	0.804527	0.986381	0.0136187
564810278	100	100327	0.22268	0.77732	0.98835	0.0116505
564810278	100	100328	0.203557	0.796443	0.989879	0.0101215
564810278	100	100329	0.220408	0.779592	0.990196	0.00980392
564810278	100	100330	0.217712	0.782288	0.989083	0.010917
564810278	100	100331	0.239845	0.760155	0.989648	0.010352
564810278	100	100332	0.230159	0.769841	0.987903	0.0120968
564810278	100	100333	0.26195	0.73805	0.987421	0.0125786
564810278	100	100334	0.237113	0.762887	0.986408	0.0135922
564810278	100	100335	0.257202	0.742798	0.980545	0.0194553
564810278	100	100336	0.239264	0.760736	0.994129	0.00587084
564810278	100	100337	0.23913	0.76087	1.0	0.0
564810278	100	100338	0.240816	0.759184	1.0	0.0
564810278	100	100339	0.208251	0.791749	1.0	0.0
564810278	100	100340	0.198381	0.801619	1.0	0.0
564810278	100	100341	0.208494	0.791506	1.0	0.0
564810278	100	100342	0.215238	0.784762	1.0	0.0
564810278	100	100343	0.175676	0.824324	1.0	0.0
564810278	100	100344	0.195876	0.804124	1.0	0.0
564810278	100	100345	0.194274	0.805726	1.0	0.0
564810278	100	100346	0.173653	0.826347	1.0	0.0
564810278	100	100347	0.167689	0.832311	1.0	0.0
564810278	100	100348	0.183299	0.816701	1.0	0.0
564810278	100	100349	0.175299	0.824701	1.0	0.0
564810278	100	100350	0.148374	0.851626	1.0	0.0
564810278	100	100351	0.148008	0.851992	1.0	0.0
564810278	100	100352	0.160825	0.839175	1.0	0.0
564810278	100	100353	0.169231	0.830769	1.0	0.0
564810278	100	100354	0.17234	0.82766	1.0	0.0
564810278	100	100355	0.157303	0.842697	1.0	0.0
564810278	100	100356	0.15748	0.84252	1.0	0.0
564810278	100	100357	0.144814	0.855186	1.0	0.0
564810278	100	100358	0.139059	0.860941	1.0	0.0
564810278	100	100359	0.132265	0.867735	1.0	0.0
564810278	100	100360	0.123711	0.876289	1.0	0.0
564810278	100	100361	0.131213	0.868787	1.0	0.0
564810278	100	100362	0.126953	0.873047	1.0	0.0
564810278	100	100363	0.149688	0.850312	1.0	0.0
564810278	100	100364	0.144016	0.855984	1.0	0.0
564810278	100	100365	0.116327	0.883673	1.0	0.0
564810278	100	100366	0.142276	0.857724	1.0	0.0
564810278	100	100367	0.14959	0.85041	1.0	0.0
564810278	100	100368	0.159136	0.840864	1.0	0.0
564810278	100	100369	0.143689	0.856311	1.0	0.0
564810278	100	100370	0.143141	0.856859	1.0	0.0
564810278	100	100371	0.168986	0.831014	1.0	0.0
564810278	100	100372	0.179916	0.820084	1.0	0.0
564810278	100	100373	0.187625	0.812375	1.0	0.0
564810278	100	100374	0.185039	0.814961	1.0	0.0
564810278	100	100375	0.187008	0.812992	1.0	0.0
564810278	100	100376	0.19877	0.80123	1.0	0.0
564810278	100	100377	0.189655	0.810345	1.0	0.0
564810278	100	100378	0.196464	0.803536	1.0	0.0
564810278	100	100379	0.193684	0.806316	1.0	0.0
564810278	100	100380	0.185404	0.814596	1.0	0.0
564810278	100	100381	0.183299	0.816701	1.0	0.0
564810278	100	100382	0.189084	0.810916	1.0	0.0
564810278	100	100383	0.163347	0.836653	1.0	0.0
564810278	100	100384	0.175373	0.824627	1.0	0.0
564810278	100	100385	0.180873	0.819127	1.0	0.0
564810278	100	100386	0.183236	0.816764	1.0	0.0
564810278	100	100387	0.240672	0.759328	1.0	0.0
564810278	100	100388	0.259259	0.740741	1.0	0.0
564810278	100	100389	0.254369	0.745631	1.0	0.0
564810278	100	100390	0.25	0.75	1.0	0.0
564810278	100	100391	0.269017	0.730983	1.0	0.0
564810278	100	100392	0.25731	0.74269	1.0	0.0
564810278	100	100393	0.274841	0.725159	1.0	0.0
564810278	100	100394	0.312625	0.687375	1.0	0.0
564810278	100	100395	0.353414	0.646586	1.0	0.0
564810278	100	100396	0.371032	0.628968	1.0	0.0
564810278	100	100397	0.333333	0.666667	1.0	0.0
564810278	100	100398	0.325911	0.674089	1.0	0.0
564810278	100	100399	0.295359	0.704641	1.0	0.0
564810278	100	100400	0.309237	0.690763	1.0	0.0
564810278	100	100401	0.329939	0.670061	1.0	0.0
564810278	100	100402	0.325866	0.674134	1.0	0.0
564810278	100	100403	0.280561	0.719439	1.0	0.0
564810278	100	100404	0.264822	0.735178	1.0	0.0
564810278	100	100405	0.279678	0.720322	1.0	0.0
564810278	100	100406	0.267347	0.732653	1.0	0.0
564810278	100	100407	0.293139	0.706861	1.0	0.0
564810278	100	100408	0.283554	0.716446	1.0	0.0
564810278	100	100409	0.2751	0.7249	1.0	0.0
564810278	100	100410	0.279528	0.720472	1.0	0.0
564810278	100	100411	0.285433	0.714567	1.0	0.0
564810278	100	100412	0.303644	0.696356	1.0	0.0
564810278	100	100413	0.313208	0.686792	1.0	0.0
564810278	100	100414	0.359281	0.640719	1.0	0.0
564810278	100	100415	0.352342	0.647658	1.0	0.0
564810278	100	100416	0.350701	0.649299	1.0	0.0
564810278	100	100417	0.399598	0.600402	1.0	0.0
564810278	100	100418	0.405512	0.594488	1.0	0.0
564810278	100	100419	0.379648	0.620352	1.0	0.0
564810278	100	100420	0.378436	0.621564	1.0	0.0
564810278	100	100421	0.41517	0.58483	1.0	0.0
564810278	100	100422	0.458848	0.541152	1.0	0.0
564810278	100	100423	0.458753	0.541247	1.0	0.0
564810278	100	100424	0.506986	0.493014	1.0	0.0
564810278	100	100425	0.528265	0.471735	1.0	0.0
564810278	100	100426	0.521912	0.478088	1.0	0.0
564810278	100	100427	0.537718	0.462282	1.0	0.0
564810278	100	100428	0.532833	0.467167	1.0	0.0
564810278	100	100429	0.533333	0.466667	1.0	0.0
564810278	100	100430	0.54326	0.45674	1.0	0.0
564810278	100	100431	0.567568	0.432432	1.0	0.0
564810278	100	100432	0.595483	0.404517	1.0	0.0
564810278	100	100433	0.599593	0.400407	1.0	0.0
564810278	100	100434	0.586074	0.413926	1.0	0.0
564810278	100	100435	0.594912	0.405088	1.0	0.0
564810278	100	100436	0.57451	0.42549	1.0	0.0
564810278	100	100437	0.570552	0.429448	1.0	0.0
564810278	100	100438	0.586558	0.413442	1.0	0.0
564810278	100	100439	0.591255	0.408745	1.0	0.0
564810278	100	100440	0.555085	0.444915	1.0	0.0
564810278	100	100441	0.523909	0.476091	1.0	0.0
564810278	100	100442	0.536	0.464	1.0	0.0
564810278	100	100443	0.527574	0.472426	1.0	0.0
564810278	100	100444	0.535573	0.464427	1.0	0.0
564810278	100	100445	0.541833	0.458167	1.0	0.0
564810278	100	100446	0.527607	0.472393	1.0	0.0
564810278	100	100447	0.578189	0.421811	1.0	0.0
564810278	100	100448	0.591286	0.408714	1.0	0.0
564810278	100	100449	0.558943	0.441057	1.0	0.0
564810278	100	100450	0.541339	0.458661	1.0	0.0
564810278	100	100451	0.531073	0.468927	1.0	0.0
564810278	100	100452	0.513619	0.486381	1.0	0.0
564810278	100	100453	0.517787	0.482213	1.0	0.0
564810278	100	100454	0.511628	0.488372	1.0	0.0
564810278	100	100455	0.5	0.5	1.0	0.0
564810278	100	100456	0.558282	0.441718	1.0	0.0
564810278	100	100457	0.566532	0.433468	1.0	0.0
564810278	100	100458	0.618577	0.381423	1.0	0.0
564810278	100	100459	0.620825	0.379175	1.0	0.0
564810278	100	100460	0.625523	0.374477	1.0	0.0
564810278	100	100461	0.614433	0.385567	1.0	0.0
564810278	100	100462	0.636008	0.363992	1.0	0.0
564810278	100	100463	0.585462	0.414538	1.0	0.0
564810278	100	100464	0.574553	0.425447	1.0	0.0
564810278	100	100465	0.576772	0.423228	1.0	0.0
564810278	100	100466	0.587121	0.412879	1.0	0.0
564810278	100	100467	0.58642	0.41358	1.0	0.0
564810278	100	100468	0.578218	0.421782	1.0	0.0
564810278	100	100469	0.559687	0.440313	1.0	0.0
564810278	100	100470	0.507246	0.492754	1.0	0.0
564810278	100	100471	0.547529	0.452471	1.0	0.0
564810278	100	100472	0.54902	0.45098	1.0	0.0
564810278	100	100473	0.56213	0.43787	1.0	0.0
564810278	100	100474	0.577381	0.422619	1.0	0.0
564810278	100	100475	0.553942	0.446058	1.0	0.0
564810278	100	100476	0.549383	0.450617	1.0	0.0
564810278	100	100477	0.564356	0.435644	1.0	0.0
564810278	100	100478	0.572016	0.427984	1.0	0.0
564810278	100	100479	0.595436	0.404564	1.0	0.0
564810278	100	100480	0.620229	0.379771	1.0	0.0
564810278	100	100481	0.626243	0.373757	1.0	0.0
564810278	100	100482	0.620553	0.379447	1.0	0.0
564810278	100	100483	0.622129	0.377871	1.0	0.0
564810278	100	100484	0.631478	0.368522	1.0	0.0
564810278	100	100485	0.64916	0.35084	1.0	0.0
564810278	100	100486	0.629412	0.370588	1.0	0.0
564810278	100	100487	0.64375	0.35625	1.0	0.0
564810278	100	100488	0.65996	0.34004	1.0	0.0
564810278	100	100489	0.694165	0.305835	1.0	0.0
564810278	100	100490	0.687747	0.312253	1.0	0.0
564810278	100	100491	0.714583	0.285417	1.0	0.0
564810278	100	100492	0.709812	0.290188	1.0	0.0
564810278	100	100493	0.71	0.29	1.0	0.0
564810278	100	100494	0.709369	0.290631	1.0	0.0
564810278	100	100495	0.718686	0.281314	1.0	0.0
564810278	100	100496	0.696226	0.303774	1.0	0.0
564810278	100	100497	0.687375	0.312625	1.0	0.0
564810278	100	100498	0.684314	0.315686	1.0	0.0
564810278	100	100499	0.703704	0.296296	1.0	0.0
564810278	100	100500	0.724551	0.275449	1.0	0.0
564810278	100	100501	0.740964	0.259036	1.0	0.0
564810278	100	100502	0.75717	0.24283	1.0	0.0
564810278	100	100503	0.774127	0.225873	1.0	0.0
564810278	100	100504	0.807611	0.192389	1.0	0.0
564810278	100	100505	0.809129	0.190871	1.0	0.0
564810278	100	100506	0.806773	0.193227	1.0	0.0
564810278	100	100507	0.794297	0.205703	1.0	0.0
564810278	100	100508	0.769857	0.230143	1.0	0.0
564810278	100	100509	0.758	0.242	1.0	0.0
564810278	100	100510	0.756604	0.243396	1.0	0.0
564810278	100	100511	0.7393	0.2607	1.0	0.0
564810278	100	100512	0.742915	0.257085	1.0	0.0
564810278	100	100513	0.743852	0.256148	1.0	0.0
564810278	100	100514	0.734893	0.265107	1.0	0.0
564810278	100	100515	0.746562	0.253438	1.0	0.0
564810278	100	100516	0.734252	0.265748	1.0	0.0
564810278	100	100517	0.745455	0.254545	1.0	0.0
564810278	100	100518	0.75102	0.24898	1.0	0.0
564810278	100	100519	0.737271	0.262729	1.0	0.0
564810278	100	100520	0.723014	0.276986	1.0	0.0
564810278	100	100521	0.702913	0.297087	1.0	0.0
564810278	100	100522	0.697087	0.302913	1.0	0.0
564810278	100	100523	0.728175	0.271825	1.0	0.0
564810278	100	100524	0.701403	0.298597	1.0	0.0
564810278	100	100525	0.714575	0.285425	1.0	0.0
564810278	100	100526	0.709804	0.290196	1.0	0.0
564810278	100	100527	0.69863	0.30137	1.0	0.0
564810278	100	100528	0.684739	0.315261	1.0	0.0
564810278	100	100529	0.673624	0.326376	1.0	0.0
564810278	100	100530	0.690476	0.309524	1.0	0.0
564810278	100	100531	0.687259	0.312741	1.0	0.0
564810278	100	100532	0.685039	0.314961	1.0	0.0
564810278	100	100533	0.69505	0.30495	1.0	0.0
564810278	100	100534	0.706827	0.293173	1.0	0.0
564810278	100	100535	0.710204	0.289796	1.0	0.0
564810278	100	100536	0.75502	0.24498	1.0	0.0
564810278	100	100537	0.763527	0.236473	1.0	0.0
564810278	100	100538	0.780632	0.219368	1.0	0.0
564810278	100	100539	0.794769	0.205231	1.0	0.0
564810278	100	100540	0.786408	0.213592	1.0	0.0
564810278	100	100541	0.800384	0.199616	1.0	0.0
564810278	100	100542	0.827451	0.172549	1.0	0.0
564810278	100	100543	0.832347	0.167653	1.0	0.0
564810278	100	100544	0.808594	0.191406	1.0	0.0
564810278	100	100545	0.794769	0.205231	1.0	0.0
564810278	100	100546	0.77821	0.22179	1.0	0.0
564810278	100	100547	0.789784	0.210216	1.0	0.0
564810278	100	100548	0.782158	0.217842	1.0	0.0
564810278	100	100549	0.748077	0.251923	1.0	0.0
564810278	100	100550	0.738703	0.261297	1.0	0.0
564810278	100	100551	0.70793	0.29207	1.0	0.0
564810278	100	100552	0.734737	0.265263	1.0	0.0
564810278	100	100553	0.740157	0.259843	1.0	0.0
564810278	100	100554	0.743434	0.256566	1.0	0.0
564810278	100	100555	0.752119	0.247881	1.0	0.0
564810278	100	100556	0.752556	0.247444	1.0	0.0
564810278	100	100557	0.801512	0.198488	1.0	0.0
564810278	100	100558	0.839679	0.160321	1.0	0.0
564810278	100	100559	0.80754	0.19246	1.0	0.0
564810278	100	100560	0.795031	0.204969	1.0	0.0
564810278	100	100561	0.827368	0.172632	1.0	0.0
564810278	100	100562	0.829268	0.170732	1.0	0.0
564810278	100	100563	0.832402	0.167598	1.0	0.0
564810278	100	100564	0.854251	0.145749	1.0	0.0
564810278	100	100565	0.861933	0.138067	1.0	0.0
564810278	100	100566	0.857741	0.142259	1.0	0.0
564810278	100	100567	0.880165	0.119835	1.0	0.0
564810278	100	100568	0.917548	0.0824524	1.0	0.0
564810278	100	100569	0.919087	0.0809129	1.0	0.0
564810278	100	100570	0.922053	0.0779468	1.0	0.0
564810278	100	100571	0.940945	0.0590551	1.0	0.0
564810278	100	100572	0.946058	0.0539419	1.0	0.0
564810278	100	100573	0.96332	0.0366795	1.0	0.0
564810278	100	100574	0.969697	0.030303	1.0	0.0
564810278	100	100575	0.968944	0.0310559	1.0	0.0
564810278	100	100576	0.968127	0.0318725	1.0	0.0
564810278	100	100577	0.969008	0.0309917	1.0	0.0
564810278	100	100578	0.960499	0.039501	1.0	0.0
564810278	100	100579	0.953358	0.0466418	1.0	0.0
564810278	100	100580	0.958333	0.0416667	1.0	0.0
564810278	100	100581	0.961039	0.038961	1.0	0.0
564810278	100	100582	0.960707	0.0392927	1.0	0.0
564810278	100	100583	0.968085	0.0319149	1.0	0.0
564810278	100	100584	0.962887	0.0371134	1.0	0.0
564810278	100	100585	0.96994	0.0300601	1.0	0.0
564810278	100	100586	0.981096	0.0189036	1.0	0.0
564810278	100	100587	0.978044	0.0219561	1.0	0.0
564810278	100	100588	0.979633	0.0203666	1.0	0.0
564810278	100	100589	0.972868	0.0271318	1.0	0.0
564810278	100	100590	0.976562	0.0234375	1.0	0.0
564810278	100	100591	0.967054	0.0329457	1.0	0.0
564810278	100	100592	0.987421	0.0125786	1.0	0.0
564810278	100	100593	0.993988	0.00601202	1.0	0.0
564810278	100	100594	0.995927	0.00407332	1.0	0.0
564810278	100	100595	0.995927	0.00407332	1.0	0.0
564810278	100	100596	0.995781	0.00421941	1.0	0.0
564810278	100	100597	0.998031	0.0019685	1.0	0.0
564810278	100	100598	1.0	0.0	1.0	0.0
564810278	100	100599	1.0	0.0	1.0	0.0
564810278	100	100600	1.0	0.0	1.0	0.0
564810278	100	100601	1.0	0.0	1.0	0.0
564810278	100	100602	1.0	0.0	1.0	0.0
564810278	100	100603	1.0	0.0	1.0	0.0
564810278	100	100604	1.0	0.0	1.0	0.0
564810278	100	100605	1.0	0.0	1.0	0.0
564810278	100	100606	1.0	0.0	1.0	0.0
564810278	100	100607	1.0	0.0	1.0	0.0
564810278	100	100608	1.0	0.0	1.0	0.0
564810278	100	100609	1.0	0.0	1.0	0.0
564810278	100	100610	1.0	0.0	1.0	0.0
564810278	100	100611	1.0	0.0	1.0	0.0
564810278	100	100612	1.0	0.0	1.0	0.0
564810278	100	100613	1.0	0.0	1.0	0.0
564810278	100	100614	1.0	0.0	1.0	0.0
564810278	100	100615	1.0	0.0	1.0	0.0
564810278	100	100616	1.0	0.0	1.0	0.0
564810278	100	100617	1.0	0.0	1.0	0.0
564810278	100	100618	1.0	0.0	1.0	0.0
564810278	100	100619	1.0	0.0	1.0	0.0
564810278	100	100620	1.0	0.0	1.0	0.0
564810278	100	100621	1.0	0.0	1.0	0.0
564810278	100	100622	1.0	0.0	1.0	0.0
564810278	100	100623	1.0	0.0	1.0	0.0
564810278	100	100624	1.0	0.0	1.0	0.0
564810278	100	100625	1.0	0.0	1.0	0.0
564810278	100	100626	1.0	0.0	1.0	0.0
564810278	100	100627	1.0	0.0	1.0	0.0
564810278	100	100628	1.0	0.0	1.0	0.0
564810278	100	100629	1.0	0.0	1.0	0.0
564810278	100	100630	1.0	0.0	1.0	0.0
564810278	100	100631	1.0	0.0	1.0	0.0
564810278	100	100632	1.0	0.0	1.0	0.0
564810278	100	100633	1.0	0.0	1.0	0.0
564810278	100	100634	1.0	0.0	1.0	0.0
564810278	100	100635	1.0	0.0	1.0	0.0
564810278	100	100636	1.0	0.0	1.0	0.0
564810278	100	100637	1.0	0.0	1.0	0.0
564810278	100	100638	1.0	0.0	1.0	0.0
564810278	100	100639	1.0	0.0	1.0	0.0
564810278	100	100640	1.0	0.0	1.0	0.0
564810278	100	100641	1.0	0.0	1.0	0.0
564810278	100	100642	1.0	0.0	1.0	0.0
564810278	100	100643	1.0	0.0	1.0	0.0
564810278	100	100644	1.0	0.0	1.0	0.0
564810278	100	100645	1.0	0.0	1.0	0.0
564810278	100	100646	1.0	0.0	1.0	0.0
564810278	100	100647	1.0	0.0	1.0	0.0
564810278	100	100648	1.0	0.0	1.0	0.0
564810278	100	100649	1.0	0.0	1.0	0.0
564810278	100	100650	1.0	0.0	1.0	0.0
564810278	100	100651	1.0	0.0	1.0	0.0
564810278	100	100652	1.0	0.0	1.0	0.0
564810278	100	100653	1.0	0.0	1.0	0.0
564810278	100	100654	1.0	0.0	1.0	0.0
564810278	100	100655	1.0	0.0	1.0	0.0
564810278	100	100656	1.0	0.0	1.0	0.0
564810278	100	100657	1.0	0.0	1.0	0.0
564810278	100	100658	1.0	0.0	1.0	0.0
564810278	100	100659	1.0	0.0	1.0	0.0
564810278	100	100660	1.0	0.0	1.0	0.0
564810278	100	100661	1.0	0.0	1.0	0.0
564810278	100	100662	1.0	0.0	1.0	0.0
564810278	100	100663	1.0	0.0	1.0	0.0
564810278	100	100664	1.0	0.0	1.0	0.0
564810278	100	100665	1.0	0.0	1.0	0.0
564810278	100	100666	1.0	0.0	1.0	0.0
564810278	100	100667	1.0	0.0	1.0	0.0
564810278	100	100668	1.0	0.0	1.0	0.0
564810278	100	100669	1.0	0.0	1.0	0.0
564810278	100	100670	1.0	0.0	1.0	0.0
564810278	100	100671	1.0	0.0	1.0	0.0
564810278	100	100672	1.0	0.0	1.0	0.0
564810278	100	100673	1.0	0.0	1.0	0.0
564810278	100	100674	1.0	0.0	1.0	0.0
564810278	100	100675	1.0	0.0	1.0	0.0
564810278	100	100676	1.0	0.0	1.0	0.0
564810278	100	100677	1.0	0.0	1.0	0.0
564810278	100	100678	1.0	0.0	1.0	0.0
564810278	100	100679	1.0	0.0	1.0	0.0
564810278	100	100680	1.0	0.0	1.0	0.0
564810278	100	100681	1.0	0.0	1.0	0.0
564810278	100	100682	1.0	0.0	1.0	0.0
564810278	100	100683	1.0	0.0	1.0	0.0
564810278	100	100684	1.0	0.0	1.0	0.0
564810278	100	100685	1.0	0.0	1.0	0.0
564810278	100	100686	1.0	0.0	1.0	0.0
564810278	100	100687	1.0	0.0	1.0	0.0
564810278	100	100688	1.0	0.0	1.0	0.0
564810278	100	100689	1.0	0.0	1.0	0.0
564810278	100	100690	1.0	0.0	1.0	0.0
564810278	100	100691	1.0	0.0	1.0	0.0
564810278	100	100692	1.0	0.0	1.0	0.0
564810278	100	100693	1.0	0.0	1.0	0.0
564810278	100	100694	1.0	0.0	1.0	0.0
564810278	100	100695	1.0	0.0	1.0	0.0
564810278	100	100696	1.0	0.0	1.0	0.0
564810278	100	100697	1.0	0.0	1.0	0.0
564810278	100	100698	1.0	0.0	1.0	0.0
564810278	100	100699	1.0	0.0	1.0	0.0
564810278	100	100700	1.0	0.0	1.0	0.0
564810278	100	100701	1.0	0.0	1.0	0.0
564810278	100	100702	1.0	0.0	1.0	0.0
564810278	100	100703	1.0	0.0	1.0	0.0
564810278	100	100704	1.0	0.0	1.0	0.0
564810278	100	100705	1.0	0.0	1.0	0.0
564810278	100	100706	1.0	0.0	1.0	0.0
564810278	100	100707	1.0	0.0	1.0	0.0
564810278	100	100708	1.0	0.0	1.0	0.0
564810278	100	100709	1.0	0.0	1.0	0.0
564810278	100	100710	1.0	0.0	1.0	0.0
564810278	100	100711	1.0	0.0	1.0	0.0
564810278	100	100712	1.0	0.0	1.0	0.0
564810278	100	100713	1.0	0.0	1.0	0.0
564810278	100	100714	1.0	0.0	1.0	0.0
564810278	100	100715	1.0	0.0	1.0	0.0
564810278	100	100716	1.0	0.0	1.0	0.0
564810278	100	100717	1.0	0.0	1.0	0.0
564810278	100	100718	1.0	0.0	1.0	0.0
564810278	100	100719	1.0	0.0	1.0	0.0
564810278	100	100720	1.0	0.0	1.0	0.0
564810278	100	100721	1.0	0.0	1.0	0.0
564810278	100	100722	1.0	0.0	1.0	0.0
564810278	100	100723	1.0	0.0	1.0	0.0
564810278	100	100724	1.0	0.0	1.0	0.0
564810278	100	100725	1.0	0.0	1.0	0.0
564810278	100	100726	1.0	0.0	1.0	0.0
564810278	100	100727	1.0	0.0	1.0	0.0
564810278	100	100728	1.0	0.0	1.0	0.0
564810278	100	100729	1.0	0.0	1.0	0.0
564810278	100	100730	1.0	0.0	1.0	0.0
564810278	100	100731	1.0	0.0	1.0	0.0
564810278	100	100732	1.0	0.0	1.0	0.0
564810278	100	100733	1.0	0.0	1.0	0.0
564810278	100	100734	1.0	0.0	1.0	0.0
564810278	100	100735	1.0	0.0	1.0	0.0
564810278	100	100736	1.0	0.0	1.0	0.0
564810278	100	100737	1.0	0.0	1.0	0.0
564810278	100	100738	1.0	0.0	1.0	0.0
564810278	100	100739	1.0	0.0	1.0	0.0
564810278	100	100740	1.0	0.0	1.0	0.0
564810278	100	100741	1.0	0.0	1.0	0.0
564810278	100	100742	1.0	0.0	1.0	0.0
564810278	100	100743	1.0	0.0	1.0	0.0
564810278	100	100744	1.0	0.0	1.0	0.0
564810278	100	100745	1.0	0.0	1.0	0.0
564810278	100	100746	1.0	0.0	1.0	0.0
564810278	100	100747	1.0	0.0	1.0	0.0
564810278	100	100748	1.0	0.0	1.0	0.0
564810278	100	100749	1.0	0.0	1.0	0.0
564810278	100	100750	1.0	0.0	1.0	0.0
564810278	100	100751	1.0	0.0	1.0	0.0
564810278	100	100752	1.0	0.0	1.0	0.0
564810278	100	100753	1.0	0.0	1.0	0.0
564810278	100	100754	1.0	0.0	1.0	0.0
564810278	100	100755	1.0	0.0	1.0	0.0
564810278	100	100756	1.0	0.0	1.0	0.0
564810278	100	100757	1.0	0.0	1.0	0.0
564810278	100	100758	1.0	0.0	1.0	0.0
564810278	100	100759	1.0	0.0	1.0	0.0
564810278	100	100760	1.0	0.0	1.0	0.0
564810278	100	100761	1.0	0.0	1.0	0.0
564810278	100	100762	1.0	0.0	1.0	0.0
564810278	100	100763	1.0	0.0	1.0	0.0
564810278	100	100764	1.0	0.0	1.0	0.0
564810278	100	100765	1.0	0.0	1.0	0.0
564810278	100	100766	1.0	0.0	1.0	0.0
564810278	100	100767	1.0	0.0	1.0	0.0
564810278	100	100768	1.0	0.0	1.0	0.0
564810278	100	100769	1.0	0.0	1.0	0.0
564810278	100	100770	1.0	0.0	1.0	0.0
564810278	100	100771	1.0	0.0	1.0	0.0
564810278	100	100772	1.0	0.0	1.0	0.0
564810278	100	100773	1.0	0.0	1.0	0.0
564810278	100	100774	1.0	0.0	1.0	0.0
564810278	100	100775	1.0	0.0	1.0	0.0
564810278	100	100776	1.0	0.0	1.0	0.0
564810278	100	100777	1.0	0.0	1.0	0.0
564810278	100	100778	1.0	0.0	1.0	0.0
564810278	100	100779	1.0	0.0	1.0	0.0
564810278	100	100780	1.0	0.0	1.0	0.0
564810278	100	100781	1.0	0.0	1.0	0.0
564810278	100	100782	1.0	0.0	1.0	0.0
564810278	100	100783	1.0	0.0	1.0	0.0
564810278	100	100784	1.0	0.0	1.0	0.0
564810278	100	100785	1.0	0.0	1.0	0.0
564810278	100	100786	1.0	0.0	1.0	0.0
564810278	100	100787	1.0	0.0	1.0	0.0
564810278	100	100788	1.0	0.0	1.0	0.0
564810278	100	100789	1.0	0.0	1.0	0.0
564810278	100	100790	1.0	0.0	1.0	0.0
564810278	100	100791	1.0	0.0	1.0	0.0
564810278	100	100792	1.0	0.0	1.0	0.0
564810278	100	100793	1.0	0.0	1.0	0.0
564810278	100	100794	1.0	0.0	1.0	0.0
564810278	100	100795	1.0	0.0	1.0	0.0
564810278	100	100796	1.0	0.0	1.0	0.0
564810278	100	100797	1.0	0.0	1.0	0.0
564810278	100	100798	1.0	0.0	1.0	0.0
564810278	100	100799	1.0	0.0	1.0	0.0
564810278	100	100800	1.0	0.0	1.0	0.0
564810278	100	100801	1.0	0.0	1.0	0.0
564810278	100	100802	1.0	0.0	1.0	0.0
564810278	100	100803	1.0	0.0	1.0	0.0
564810278	100	100804	1.0	0.0	1.0	0.0
564810278	100	100805	1.0	0.0	1.0	0.0
564810278	100	100806	1.0	0.0	1.0	0.0
564810278	100	100807	1.0	0.0	1.0	0.0
564810278	100	100808	1.0	0.0	1.0	0.0
564810278	100	100809	1.0	0.0	1.0	0.0
564810278	100	100810	1.0	0.0	1.0	0.0
564810278	100	100811	1.0	0.0	1.0	0.0
564810278	100	100812	1.0	0.0	1.0	0.0
564810278	100	100813	1.0	0.0	1.0	0.0
564810278	100	100814	1.0	0.0	1.0	0.0
564810278	100	100815	1.0	0.0	1.0	0.0
564810278	100	100816	1.0	0.0	1.0	0.0
564810278	100	100817	1.0	0.0	1.0	0.0
564810278	100	100818	1.0	0.0	1.0	0.0
564810278	100	100819	1.0	0.0	1.0	0.0
564810278	100	100820	1.0	0.0	1.0	0.0
564810278	100	100821	1.0	0.0	1.0	0.0
564810278	100	100822	1.0	0.0	1.0	0.0
564810278	100	100823	1.0	0.0	1.0	0.0
564810278	100	100824	1.0	0.0	1.0	0.0
564810278	100	100825	1.0	0.0	1.0	0.0
564810278	100	100826	1.0	0.0	1.0	0.0
564810278	100	100827	1.0	0.0	1.0	0.0
564810278	100	100828	1.0	0.0	1.0	0.0
564810278	100	100829	1.0	0.0	1.0	0.0
564810278	100	100830	1.0	0.0	1.0	0.0
564810278	100	100831	1.0	0.0	1.0	0.0
564810278	100	100832	1.0	0.0	1.0	0.0
564810278	100	100833	1.0	0.0	1.0	0.0
564810278	100	100834	1.0	0.0	1.0	0.0
564810278	100	100835	1.0	0.0	1.0	0.0
564810278	100	100836	1.0	0.0	1.0	0.0
564810278	100	100837	1.0	0.0	1.0	0.0
564810278	100	100838	1.0	0.0	1.0	0.0
564810278	100	100839	1.0	0.0	1.0	0.0
564810278	100	100840	1.0	0.0	1.0	0.0
564810278	100	100841	1.0	0.0	1.0	0.0
564810278	100	100842	1.0	0.0	1.0	0.0
564810278	100	100843	1.0	0.0	1.0	0.0
564810278	100	100844	1.0	0.0	1.0	0.0
564810278	100	100845	1.0	0.0	1.0	0.0
564810278	100	100846	1.0	0.0	1.0	0.0
564810278	100	100847	1.0	0.0	1.0	0.0
564810278	100	100848	1.0	0.0	1.0	0.0
564810278	100	100849	1.0	0.0	1.0	0.0
564810278	100	100850	1.0	0.0	1.0	0.0
564810278	100	100851	1.0	0.0	1.0	0.0
564810278	100	100852	1.0	0.0	1.0	0.0
564810278	100	100853	1.0	0.0	1.0	0.0
564810278	100	100854	1.0	0.0	1.0	0.0
564810278	100	100855	1.0	0.0	1.0	0.0
564810278	100	100856	1.0	0.0	1.0	0.0
564810278	100	100857	1.0	0.0	1.0	0.0
564810278	100	100858	1.0	0.0	1.0	0.0
564810278	100	100859	1.0	0.0	1.0	0.0
564810278	100	100860	1.0	0.0	1.0	0.0
564810278	100	100861	1.0	0.0	1.0	0.0
564810278	100	100862	1.0	0.0	1.0	0.0
564810278	100	100863	1.0	0.0	1.0	0.0
564810278	100	100864	1.0	0.0	1.0	0.0
564810278	100	100865	1.0	0.0	1.0	0.0
564810278	100	100866	1.0	0.0	1.0	0.0
564810278	100	100867	1.0	0.0	1.0	0.0
564810278	100	100868	1.0	0.0	1.0	0.0
564810278	100	100869	1.0	0.0	1.0	0.0
564810278	100	100870	1.0	0.0	1.0	0.0
564810278	100	100871	1.0	0.0	1.0	0.0
564810278	100	100872	1.0	0.0	1.0	0.0
564810278	100	100873	1.0	0.0	1.0	0.0
564810278	100	100874	1.0	0.0	1.0	0.0
564810278	100	100875	1.0	0.0	1.0	0.0
564810278	100	100876	1.0	0.0	1.0	0.0
564810278	100	100877	1.0	0.0	1.0	0.0
564810278	100	100878	1.0	0.0	1.0	0.0
564810278	100	100879	1.0	0.0	1.0	0.0
564810278	100	100880	1.0	0.0	1.0	0.0
564810278	100	100881	1.0	0.0	1.0	0.0
564810278	100	100882	1.0	0.0	1.0	0.0
564810278	100	100883	1.0	0.0	1.0	0.0
564810278	100	100884	1.0	0.0	1.0	0.0
564810278	100	100885	1.0	0.0	1.0	0.0
564810278	100	100886	1.0	0.0	1.0	0.0
564810278	100	100887	1.0	0.0	1.0	0.0
564810278	100	100888	1.0	0.0	1.0	0.0
564810278	100	100889	1.0	0.0	1.0	0.0
564810278	100	100890	1.0	0.0	1.0	0.0
564810278	100	100891	1.0	0.0	1.0	0.0
564810278	100	100892	1.0	0.0	1.0	0.0
564810278	100	100893	1.0	0.0	1.0	0.0
564810278	100	100894	1.0	0.0	1.0	0.0
564810278	100	100895	1.0	0.0	1.0	0.0
564810278	100	100896	1.0	0.0	1.0	0.0
564810278	100	100897	1.0	0.0	1.0	0.0
564810278	100	100898	1.0	0.0	1.0	0.0
564810278	100	100899	1.0	0.0	1.0	0.0
564810278	100	100900	1.0	0.0	1.0	0.0
564810278	100	100901	1.0	0.0	1.0	0.0
564810278	100	100902	1.0	0.0	1.0	0.0
564810278	100	100903	1.0	0.0	1.0	0.0
564810278	100	100904	1.0	0.0	1.0	0.0
564810278	100	100905	1.0	0.0	1.0	0.0
564810278	100	100906	1.0	0.0	1.0	0.0
564810278	100	100907	1.0	0.0	1.0	0.0
564810278	100	100908	1.0	0.0	1.0	0.0
564810278	100	100909	1.0	0.0	1.0	0.0
564810278	100	100910	1.0	0.0	1.0	0.0
564810278	100	100911	1.0	0.0	1.0	0.0
564810278	100	100912	1.0	0.0	1.0	0.0
564810278	100	100913	1.0	0.0	1.0	0.0
564810278	100	100914	1.0	0.0	1.0	0.0
564810278	100	100915	1.0	0.0	1.0	0.0
564810278	100	100916	1.0	0.0	1.0	0.0
564810278	100	100917	1.0	0.0	1.0	0.0
564810278	100	100918	1.0	0.0	1.0	0.0
564810278	100	100919	1.0	0.0	1.0	0.0
564810278	100	100920	1.0	0.0	1.0	0.0
564810278	100	100921	1.0	0.0	1.0	0.0
564810278	100	100922	1.0	0.0	1.0	0.0
564810278	100	100923	1.0	0.0	1.0	0.0
564810278	100	100924	1.0	0.0	1.0	0.0
564810278	100	100925	1.0	0.0	1.0	0.0
564810278	100	100926	1.0	0.0	1.0	0.0
564810278	100	100927	1.0	0.0	1.0	0.0
564810278	100	100928	1.0	0.0	1.0	0.0
564810278	100	100929	1.0	0.0	1.0	0.0
564810278	100	100930	1.0	0.0	1.0	0.0
564810278	100	100931	1.0	0.0	1.0	0.0
564810278	100	100932	1.0	0.0	1.0	0.0
564810278	100	100933	1.0	0.0	1.0	0.0
564810278	100	100934	1.0	0.0	1.0	0.0
564810278	100	100935	1.0	0.0	1.0	0.0
564810278	100	100936	1.0	0.0	1.0	0.0
564810278	100	100937	1.0	0.0	1.0	0.0
564810278	100	100938	1.0	0.0	1.0	0.0
564810278	100	100939	1.0	0.0	1.0	0.0
564810278	100	100940	1.0	0.0	1.0	0.0
564810278	100	100941	1.0	0.0	1.0	0.0
564810278	100	100942	1.0	0.0	1.0	0.0
564810278	100	100943	1.0	0.0	1.0	0.0
564810278	100	100944	1.0	0.0	1.0	0.0
564810278	100	100945	1.0	0.0	1.0	0.0
564810278	100	100946	1.0	0.0	1.0	0.0
564810278	100	100947	1.0	0.0	1.0	0.0
564810278	100	100948	1.0	0.0	1.0	0.0
564810278	100	100949	1.0	0.0	1.0	0.0
564810278	100	100950	1.0	0.0	1.0	0.0
564810278	100	100951	1.0	0.0	1.0	0.0
564810278	100	100952	1.0	0.0	1.0	0.0
564810278	100	100953	1.0	0.0	1.0	0.0
564810278	100	100954	1.0	0.0	1.0	0.0
564810278	100	100955	1.0	0.0	1.0	0.0
564810278	100	100956	1.0	0.0	1.0	0.0
564810278	100	100957	1.0	0.0	1.0	0.0
564810278	100	100958	1.0	0.0	1.0	0.0
564810278	100	100959	1.0	0.0	1.0	0.0
564810278	100	100960	1.0	0.0	1.0	0.0
564810278	100	100961	1.0	0.0	1.0	0.0
564810278	100	100962	1.0	0.0	1.0	0.0
564810278	100	100963	1.0	0.0	1.0	0.0
564810278	100	100964	1.0	0.0	1.0	0.0
564810278	100	100965	1.0	0.0	1.0	0.0
564810278	100	100966	1.0	0.0	1.0	0.0
564810278	100	100967	1.0	0.0	1.0	0.0
564810278	100	100968	1.0	0.0	1.0	0.0
564810278	100	100969	1.0	0.0	1.0	0.0
564810278	100	100970	1.0	0.0	1.0	0.0
564810278	100	100971	1.0	0.0	1.0	0.0
564810278	100	100972	1.0	0.0	1.0	0.0
564810278	100	100973	1.0	0.0	1.0	0.0
564810278	100	100974	1.0	0.0	1.0	0.0
564810278	100	100975	1.0	0.0	1.0	0.0
564810278	100	100976	1.0	0.0	1.0	0.0
564810278	100	100977	1.0	0.0	1.0	0.0
564810278	100	100978	1.0	0.0	1.0	0.0
564810278	100	100979	1.0	0.0	1.0	0.0
564810278	100	100980	1.0	0.0	1.0	0.0
564810278	100	100981	1.0	0.0	1.0	0.0
564810278	100	100982	1.0	0.0	1.0	0.0
564810278	100	100983	1.0	0.0	1.0	0.0
564810278	100	100984	1.0	0.0	1.0	0.0
564810278	100	100985	1.0	0.0	1.0	0.0
564810278	100	100986	1.0	0.0	1.0	0.0
564810278	100	100987	1.0	0.0	1.0	0.0
564810278	100	100988	1.0	0.0	1.0	0.0
564810278	100	100989	1.0	0.0	1.0	0.0
564810278	100	100990	1.0	0.0	1.0	0.0
564810278	100	100991	1.0	0.0	1.0	0.0
564810278	100	100992	1.0	0.0	1.0	0.0
564810278	100	100993	1.0	0.0	1.0	0.0
564810278	100	100994	1.0	0.0	1.0	0.0
564810278	100	100995	1.0	0.0	1.0	0.0
564810278	100	100996	1.0	0.0	1.0	0.0
564810278	100	100997	1.0	0.0	1.0	0.0
564810278	100	100998	1.0	0.0	1.0	0.0
564810278	100	100999	1.0	0.0	1.0	0.0
564810278	100	101000	1.0	0.0	1.0	0.0
564810278	100	101001	1.0	0.0	1.0	0.0
564810278	100	101002	1.0	0.0	1.0	0.0
564810278	100	101003	1.0	0.0	1.0	0.0
564810278	100	101004	1.0	0.0	1.0	0.0
564810278	100	101005	1.0	0.0	1.0	0.0
564810278	100	101006	1.0	0.0	1.0	0.0
564810278	100	101007	1.0	0.0	1.0	0.0
564810278	100	101008	1.0	0.0	1.0	0.0
564810278	100	101009	1.0	0.0	1.0	0.0
564810278	100	101010	1.0	0.0	1.0	0.0
564810278	100	101011	1.0	0.0	1.0	0.0
564810278	100	101012	1.0	0.0	1.0	0.0
564810278	100	101013	1.0	0.0	1.0	0.0
564810278	100	101014	1.0	0.0	1.0	0.0
564810278	100	101015	1.0	0.0	1.0	0.0
564810278	100	101016	1.0	0.0	1.0	0.0
564810278	100	101017	1.0	0.0	1.0	0.0
564810278	100	101018	1.0	0.0	1.0	0.0
564810278	100	101019	1.0	0.0	1.0	0.0
564810278	100	101020	1.0	0.0	1.0	0.0
564810278	100	101021	1.0	0.0	1.0	0.0
564810278	100	101022	1.0	0.0	1.0	0.0
564810278	100	101023	1.0	0.0	1.0	0.0
564810278	100	101024	1.0	0.0	1.0	0.0
564810278	100	101025	1.0	0.0	1.0	0.0
564810278	100	101026	1.0	0.0	1.0	0.0
564810278	100	101027	1.0	0.0	1.0	0.0
564810278	100	101028	1.0	0.0	1.0	0.0
564810278	100	101029	1.0	0.0	1.0	0.0
564810278	100	101030	1.0	0.0	1.0	0.0
564810278	100	101031	1.0	0.0	1.0	0.0
564810278	100	101032	1.0	0.0	1.0	0.0
564810278	100	101033	1.0	0.0	1.0	0.0
564810278	100	101034	1.0	0.0	1.0	0.0
564810278	100	101035	1.0	0.0	1.0	0.0
564810278	100	101036	1.0	0.0	1.0	0.0
564810278	100	101037	1.0	0.0	1.0	0.0
564810278	100	101038	1.0	0.0	1.0	0.0
564810278	100	101039	1.0	0.0	1.0	0.0
564810278	100	101040	1.0	0.0	1.0	0.0
564810278	100	101041	1.0	0.0	1.0	0.0
564810278	100	101042	1.0	0.0	1.0	0.0
564810278	100	101043	1.0	0.0	1.0	0.0
564810278	100	101044	1.0	0.0	1.0	0.0
564810278	100	101045	1.0	0.0	1.0	0.0
564810278	100	101046	1.0	0.0	1.0	0.0
564810278	100	101047	1.0	0.0	1.0	0.0
564810278	100	101048	1.0	0.0	1.0	0.0
564810278	100	101049	1.0	0.0	1.0	0.0
564810278	100	101050	1.0	0.0	1.0	0.0
564810278	100	101051	1.0	0.0	1.0	0.0
564810278	100	101052	1.0	0.0	1.0	0.0
564810278	100	101053	1.0	0.0	1.0	0.0
564810278	100	101054	1.0	0.0	1.0	0.0
564810278	100	101055	1.0	0.0	1.0	0.0
564810278	100	101056	1.0	0.0	1.0	0.0
564810278	100	101057	1.0	0.0	1.0	0.0
564810278	100	101058	1.0	0.0	1.0	0.0
564810278	100	101059	1.0	0.0	1.0	0.0
564810278	100	101060	1.0	0.0	1.0	0.0
564810278	100	101061	1.0	0.0	1.0	0.0
564810278	100	101062	1.0	0.0	1.0	0.0
564810278	100	101063	1.0	0.0	1.0	0.0
564810278	100	101064	1.0	0.0	1.0	0.0
564810278	100	101065	1.0	0.0	1.0	0.0
564810278	100	101066	1.0	0.0	1.0	0.0
564810278	100	101067	1.0	0.0	1.0	0.0
564810278	100	101068	1.0	0.0	1.0	0.0
564810278	100	101069	1.0	0.0	1.0	0.0
564810278	100	101070	1.0	0.0	1.0	0.0
564810278	100	101071	1.0	0.0	1.0	0.0
564810278	100	101072	1.0	0.0	1.0	0.0
564810278	100	101073	1.0	0.0	1.0	0.0
564810278	100	101074	1.0	0.0	1.0	0.0
564810278	100	101075	1.0	0.0	1.0	0.0
564810278	100	101076	1.0	0.0	1.0	0.0
564810278	100	101077	1.0	0.0	1.0	0.0
564810278	100	101078	1.0	0.0	1.0	0.0
564810278	100	101079	1.0	0.0	1.0	0.0
564810278	100	101080	1.0	0.0	1.0	0.0
564810278	100	101081	1.0	0.0	1.0	0.0
564810278	100	101082	1.0	0.0	1.0	0.0
564810278	100	101083	1.0	0.0	1.0	0.0
564810278	100	101084	1.0	0.0	1.0	0.0
564810278	100	101085	1.0	0.0	1.0	0.0
564810278	100	101086	1.0	0.0	1.0	0.0
564810278	100	101087	1.0	0.0	1.0	0.0
564810278	100	101088	1.0	0.0	1.0	0.0
564810278	100	101089	1.0	0.0	1.0	0.0
564810278	100	101090	1.0	0.0	1.0	0.0
564810278	100	101091	1.0	0.0	1.0	0.0
564810278	100	101092	1.0	0.0	1.0	0.0
564810278	100	101093	1.0	0.0	1.0	0.0
564810278	100	101094	1.0	0.0	1.0	0.0
564810278	100	101095	1.0	0.0	1.0	0.0
564810278	100	101096	1.0	0.0	1.0	0.0
564810278	100	101097	1.0	0.0	1.0	0.0
564810278	100	101098	1.0	0.0	1.0	0.0
564810278	100	101099	1.0	0.0	1.0	0.0
564810278	100	101100	1.0	0.0	1.0	0.0
