ID	Td	gen	p1m_in_p3	p2m_in_p3	p1f_in_p3	p2f_in_p3
529048133	703	100703	0.720576	0.279424	0.989592	0.0104083
529048133	703	100704	0.705696	0.294304	0.983414	0.0165858
529048133	703	100705	0.712368	0.287632	0.984264	0.0157356
529048133	703	100706	0.71886	0.28114	0.98729	0.0127101
529048133	703	100707	0.713552	0.286448	0.986634	0.0133657
529048133	703	100708	0.714684	0.285316	0.9807	0.0193004
529048133	703	100709	0.721338	0.278662	0.983119	0.016881
529048133	703	100710	0.720143	0.279857	0.984325	0.0156752
529048133	703	100711	0.733042	0.266958	0.983461	0.0165389
529048133	703	100712	0.724466	0.275534	0.981002	0.0189976
529048133	703	100713	0.71336	0.28664	0.979051	0.0209486
529048133	703	100714	0.711983	0.288017	0.981395	0.0186047
529048133	703	100715	0.701981	0.298019	0.984567	0.0154333
529048133	703	100716	0.702836	0.297164	0.984418	0.0155824
529048133	703	100717	0.702272	0.297728	0.985949	0.0140506
529048133	703	100718	0.729158	0.270842	0.987407	0.0125935
529048133	703	100719	0.724909	0.275091	0.989366	0.0106341
529048133	703	100720	0.730328	0.269672	0.989844	0.0101562
529048133	703	100721	0.717762	0.282238	0.990134	0.00986582
529048133	703	100722	0.707397	0.292603	0.989424	0.0105758
529048133	703	100723	0.693479	0.306521	0.98688	0.0131201
529048133	703	100724	0.688827	0.311173	0.989612	0.0103875
529048133	703	100725	0.690784	0.309216	0.989311	0.0106888
529048133	703	100726	0.694456	0.305544	0.991576	0.00842359
529048133	703	100727	0.683682	0.316318	0.990048	0.00995223
529048133	703	100728	0.661582	0.338418	0.993224	0.00677561
529048133	703	100729	0.668731	0.331269	0.990894	0.00910596
529048133	703	100730	0.668792	0.331208	0.991168	0.00883179
529048133	703	100731	0.678134	0.321866	0.992715	0.0072845
529048133	703	100732	0.683004	0.316996	0.991498	0.00850202
529048133	703	100733	0.685944	0.314056	0.991633	0.00836653
529048133	703	100734	0.700609	0.299391	0.993688	0.00631164
529048133	703	100735	0.710714	0.289286	0.995968	0.00403226
529048133	703	100736	0.712176	0.287824	0.99519	0.00480962
529048133	703	100737	0.7237	0.2763	0.993551	0.00644901
529048133	703	100738	0.728335	0.271665	0.992854	0.00714569
529048133	703	100739	0.719679	0.280321	0.991235	0.00876494
529048133	703	100740	0.706785	0.293215	0.992472	0.00752773
529048133	703	100741	0.699168	0.300832	0.993944	0.00605571
529048133	703	100742	0.712549	0.287451	0.993061	0.00693878
529048133	703	100743	0.720191	0.279809	0.991948	0.00805153
529048133	703	100744	0.725806	0.274194	0.993651	0.00634921
529048133	703	100745	0.716891	0.283109	0.992736	0.00726392
529048133	703	100746	0.721524	0.278476	0.991158	0.00884211
529048133	703	100747	0.716721	0.283279	0.989353	0.0106467
529048133	703	100748	0.732748	0.267252	0.991576	0.00842359
529048133	703	100749	0.739233	0.260767	0.994276	0.00572363
529048133	703	100750	0.743064	0.256936	0.995225	0.00477517
529048133	703	100751	0.725443	0.274557	0.994038	0.00596184
529048133	703	100752	0.721467	0.278533	0.993393	0.00660707
529048133	703	100753	0.720356	0.279644	0.991696	0.00830368
529048133	703	100754	0.717683	0.282317	0.992478	0.00752194
529048133	703	100755	0.709664	0.290336	0.991294	0.00870598
529048133	703	100756	0.699717	0.300283	0.989719	0.0102807
529048133	703	100757	0.694173	0.305827	0.990995	0.00900532
529048133	703	100758	0.702247	0.297753	0.991228	0.00877193
529048133	703	100759	0.704865	0.295135	0.991643	0.00835655
529048133	703	100760	0.703451	0.296549	0.992424	0.00757576
529048133	703	100761	0.696498	0.303502	0.993004	0.00699588
529048133	703	100762	0.697959	0.302041	0.996078	0.00392157
529048133	703	100763	0.710931	0.289069	0.996838	0.00316206
529048133	703	100764	0.716238	0.283762	0.995223	0.00477707
529048133	703	100765	0.738076	0.261924	0.992874	0.00712589
529048133	703	100766	0.737033	0.262967	0.996419	0.00358138
529048133	703	100767	0.753895	0.246105	0.996796	0.00320384
529048133	703	100768	0.739027	0.260973	0.995548	0.00445164
529048133	703	100769	0.730083	0.269917	0.994348	0.005652
529048133	703	100770	0.729642	0.270358	0.99489	0.00511006
529048133	703	100771	0.748899	0.251101	0.99161	0.00838993
529048133	703	100772	0.748299	0.251701	0.990804	0.00919632
529048133	703	100773	0.753077	0.246923	0.989117	0.0108827
529048133	703	100774	0.765906	0.234094	0.990004	0.009996
529048133	703	100775	0.769505	0.230495	0.988283	0.0117172
529048133	703	100776	0.773023	0.226977	0.986152	0.0138481
529048133	703	100777	0.767396	0.232604	0.981891	0.0181087
529048133	703	100778	0.775869	0.224131	0.982379	0.0176211
529048133	703	100779	0.772939	0.227061	0.9757	0.0242998
529048133	703	100780	0.773415	0.226585	0.977691	0.0223092
529048133	703	100781	0.761087	0.238913	0.978775	0.0212255
529048133	703	100782	0.758143	0.241857	0.979167	0.0208333
529048133	703	100783	0.768832	0.231168	0.978723	0.0212766
529048133	703	100784	0.769449	0.230551	0.980253	0.0197472
529048133	703	100785	0.769569	0.230431	0.977163	0.0228365
529048133	703	100786	0.776566	0.223434	0.969505	0.030495
529048133	703	100787	0.777422	0.222578	0.972422	0.0275779
529048133	703	100788	0.777958	0.222042	0.971959	0.0280411
529048133	703	100789	0.752495	0.247505	0.967936	0.0320641
529048133	703	100790	0.744537	0.255463	0.968586	0.0314136
529048133	703	100791	0.73965	0.26035	0.971463	0.028537
529048133	703	100792	0.744186	0.255814	0.971269	0.028731
529048133	703	100793	0.737414	0.262586	0.973381	0.026619
529048133	703	100794	0.73451	0.26549	0.97659	0.0234101
529048133	703	100795	0.721431	0.278569	0.97442	0.0255805
529048133	703	100796	0.726566	0.273434	0.974971	0.0250293
529048133	703	100797	0.726983	0.273017	0.977921	0.0220795
529048133	703	100798	0.7292	0.2708	0.9768	0.0232
529048133	703	100799	0.741782	0.258218	0.978586	0.0214141
529048133	703	100800	0.751122	0.248878	0.984308	0.0156924
529048133	703	100801	0.762039	0.237961	0.984051	0.015949
529048133	703	100802	0.762981	0.237019	0.985063	0.0149374
529048133	703	100803	0.758006	0.241994	0.989735	0.0102645
529048133	703	100804	0.775543	0.224457	0.988465	0.0115354
529048133	703	100805	0.787366	0.212634	0.987975	0.0120248
529048133	703	100806	0.781825	0.218175	0.98801	0.0119904
529048133	703	100807	0.767009	0.232991	0.989482	0.0105178
529048133	703	100808	0.777689	0.222311	0.985247	0.0147528
529048133	703	100809	0.781885	0.218115	0.986998	0.0130024
529048133	703	100810	0.780193	0.219807	0.986884	0.0131161
529048133	703	100811	0.798242	0.201758	0.987585	0.0124149
529048133	703	100812	0.809601	0.190399	0.984658	0.0153423
529048133	703	100813	0.817774	0.182226	0.987044	0.0129564
529048133	703	100814	0.811216	0.188784	0.989465	0.0105348
529048133	703	100815	0.812653	0.187347	0.990588	0.00941176
529048133	703	100816	0.81474	0.18526	0.992849	0.00715137
529048133	703	100817	0.815136	0.184864	0.994316	0.00568413
529048133	703	100818	0.824093	0.175907	0.995989	0.00401123
529048133	703	100819	0.828931	0.171069	0.996061	0.00393856
529048133	703	100820	0.827833	0.172167	0.995976	0.00402414
529048133	703	100821	0.818219	0.181781	0.996473	0.00352665
529048133	703	100822	0.819067	0.180933	0.997239	0.00276134
529048133	703	100823	0.81658	0.18342	0.998002	0.0019976
529048133	703	100824	0.814978	0.185022	0.999201	0.000799041
529048133	703	100825	0.808739	0.191261	0.999223	0.000777001
529048133	703	100826	0.807525	0.192475	0.999596	0.00040404
529048133	703	100827	0.825223	0.174777	0.999605	0.000394633
529048133	703	100828	0.814712	0.185288	0.998793	0.00120724
529048133	703	100829	0.819209	0.180791	0.99881	0.00118953
529048133	703	100830	0.809976	0.190024	0.998787	0.00121261
529048133	703	100831	0.813702	0.186298	0.999201	0.000798722
529048133	703	100832	0.820167	0.179833	0.998791	0.00120919
529048133	703	100833	0.832407	0.167593	0.998388	0.0016116
529048133	703	100834	0.832273	0.167727	0.999195	0.000805153
529048133	703	100835	0.832549	0.167451	0.999592	0.000408163
529048133	703	100836	0.827516	0.172484	1.0	0.0
529048133	703	100837	0.81562	0.18438	1.0	0.0
529048133	703	100838	0.830842	0.169158	1.0	0.0
529048133	703	100839	0.817117	0.182883	1.0	0.0
529048133	703	100840	0.805105	0.194895	1.0	0.0
529048133	703	100841	0.814131	0.185869	1.0	0.0
529048133	703	100842	0.814331	0.185669	1.0	0.0
529048133	703	100843	0.812746	0.187254	1.0	0.0
529048133	703	100844	0.806759	0.193241	1.0	0.0
529048133	703	100845	0.8108	0.1892	1.0	0.0
529048133	703	100846	0.796097	0.203903	1.0	0.0
529048133	703	100847	0.795166	0.204834	1.0	0.0
529048133	703	100848	0.788301	0.211699	1.0	0.0
529048133	703	100849	0.788832	0.211168	1.0	0.0
529048133	703	100850	0.765392	0.234608	1.0	0.0
529048133	703	100851	0.750913	0.249087	1.0	0.0
529048133	703	100852	0.747158	0.252842	1.0	0.0
529048133	703	100853	0.752373	0.247627	1.0	0.0
529048133	703	100854	0.741139	0.258861	1.0	0.0
529048133	703	100855	0.739355	0.260645	1.0	0.0
529048133	703	100856	0.731846	0.268154	1.0	0.0
529048133	703	100857	0.729512	0.270488	1.0	0.0
529048133	703	100858	0.73457	0.26543	1.0	0.0
529048133	703	100859	0.743426	0.256574	1.0	0.0
529048133	703	100860	0.76871	0.23129	1.0	0.0
529048133	703	100861	0.759489	0.240511	1.0	0.0
529048133	703	100862	0.755225	0.244775	1.0	0.0
529048133	703	100863	0.757432	0.242568	1.0	0.0
529048133	703	100864	0.756584	0.243416	1.0	0.0
529048133	703	100865	0.757709	0.242291	1.0	0.0
529048133	703	100866	0.745367	0.254633	1.0	0.0
529048133	703	100867	0.759303	0.240697	1.0	0.0
529048133	703	100868	0.752373	0.247627	1.0	0.0
529048133	703	100869	0.744083	0.255917	1.0	0.0
529048133	703	100870	0.755689	0.244311	1.0	0.0
529048133	703	100871	0.755242	0.244758	1.0	0.0
529048133	703	100872	0.754105	0.245895	1.0	0.0
529048133	703	100873	0.750497	0.249503	1.0	0.0
529048133	703	100874	0.758468	0.241532	1.0	0.0
529048133	703	100875	0.742562	0.257438	1.0	0.0
529048133	703	100876	0.750913	0.249087	1.0	0.0
529048133	703	100877	0.745607	0.254393	1.0	0.0
529048133	703	100878	0.749295	0.250705	1.0	0.0
529048133	703	100879	0.751932	0.248068	1.0	0.0
529048133	703	100880	0.744639	0.255361	1.0	0.0
529048133	703	100881	0.732591	0.267409	1.0	0.0
529048133	703	100882	0.73572	0.26428	1.0	0.0
529048133	703	100883	0.746914	0.253086	1.0	0.0
529048133	703	100884	0.748594	0.251406	1.0	0.0
529048133	703	100885	0.749599	0.250401	1.0	0.0
529048133	703	100886	0.764352	0.235648	1.0	0.0
529048133	703	100887	0.750982	0.249018	1.0	0.0
529048133	703	100888	0.744113	0.255887	1.0	0.0
529048133	703	100889	0.742026	0.257974	1.0	0.0
529048133	703	100890	0.734425	0.265575	1.0	0.0
529048133	703	100891	0.731481	0.268519	1.0	0.0
529048133	703	100892	0.741546	0.258454	1.0	0.0
529048133	703	100893	0.744698	0.255302	1.0	0.0
529048133	703	100894	0.729899	0.270101	1.0	0.0
529048133	703	100895	0.726186	0.273814	1.0	0.0
529048133	703	100896	0.713651	0.286349	1.0	0.0
529048133	703	100897	0.700599	0.299401	1.0	0.0
529048133	703	100898	0.704299	0.295701	1.0	0.0
529048133	703	100899	0.692781	0.307219	1.0	0.0
529048133	703	100900	0.6974	0.3026	1.0	0.0
529048133	703	100901	0.68	0.32	1.0	0.0
529048133	703	100902	0.685557	0.314443	1.0	0.0
529048133	703	100903	0.688058	0.311942	1.0	0.0
529048133	703	100904	0.681337	0.318663	1.0	0.0
529048133	703	100905	0.674215	0.325785	1.0	0.0
529048133	703	100906	0.663673	0.336327	1.0	0.0
529048133	703	100907	0.677637	0.322363	1.0	0.0
529048133	703	100908	0.677278	0.322722	1.0	0.0
529048133	703	100909	0.675826	0.324174	1.0	0.0
529048133	703	100910	0.660144	0.339856	1.0	0.0
529048133	703	100911	0.681219	0.318781	1.0	0.0
529048133	703	100912	0.691847	0.308153	1.0	0.0
529048133	703	100913	0.70108	0.29892	1.0	0.0
529048133	703	100914	0.719905	0.280095	1.0	0.0
529048133	703	100915	0.721119	0.278881	1.0	0.0
529048133	703	100916	0.715447	0.284553	1.0	0.0
529048133	703	100917	0.713434	0.286566	1.0	0.0
529048133	703	100918	0.704094	0.295906	1.0	0.0
529048133	703	100919	0.695192	0.304808	1.0	0.0
529048133	703	100920	0.688216	0.311784	1.0	0.0
529048133	703	100921	0.691962	0.308038	1.0	0.0
529048133	703	100922	0.688564	0.311436	1.0	0.0
529048133	703	100923	0.691971	0.308029	1.0	0.0
529048133	703	100924	0.683829	0.316171	1.0	0.0
529048133	703	100925	0.689655	0.310345	1.0	0.0
529048133	703	100926	0.69391	0.30609	1.0	0.0
529048133	703	100927	0.691905	0.308095	1.0	0.0
529048133	703	100928	0.691558	0.308442	1.0	0.0
529048133	703	100929	0.711591	0.288409	1.0	0.0
529048133	703	100930	0.722625	0.277375	1.0	0.0
529048133	703	100931	0.718923	0.281077	1.0	0.0
529048133	703	100932	0.723558	0.276442	1.0	0.0
529048133	703	100933	0.712895	0.287105	1.0	0.0
529048133	703	100934	0.714692	0.285308	1.0	0.0
529048133	703	100935	0.719361	0.280639	1.0	0.0
529048133	703	100936	0.732824	0.267176	1.0	0.0
529048133	703	100937	0.717391	0.282609	1.0	0.0
529048133	703	100938	0.722311	0.277689	1.0	0.0
529048133	703	100939	0.721959	0.278041	1.0	0.0
529048133	703	100940	0.72788	0.27212	1.0	0.0
529048133	703	100941	0.731463	0.268537	1.0	0.0
529048133	703	100942	0.709742	0.290258	1.0	0.0
529048133	703	100943	0.710052	0.289948	1.0	0.0
529048133	703	100944	0.727851	0.272149	1.0	0.0
529048133	703	100945	0.727163	0.272837	1.0	0.0
529048133	703	100946	0.717485	0.282515	1.0	0.0
529048133	703	100947	0.718145	0.281855	1.0	0.0
529048133	703	100948	0.704393	0.295607	1.0	0.0
529048133	703	100949	0.709157	0.290843	1.0	0.0
529048133	703	100950	0.701288	0.298712	1.0	0.0
529048133	703	100951	0.702338	0.297662	1.0	0.0
529048133	703	100952	0.705765	0.294235	1.0	0.0
529048133	703	100953	0.70593	0.29407	1.0	0.0
529048133	703	100954	0.704978	0.295022	1.0	0.0
529048133	703	100955	0.701984	0.298016	1.0	0.0
529048133	703	100956	0.704758	0.295242	1.0	0.0
529048133	703	100957	0.697486	0.302514	1.0	0.0
529048133	703	100958	0.713554	0.286446	1.0	0.0
529048133	703	100959	0.72852	0.27148	1.0	0.0
529048133	703	100960	0.731015	0.268985	1.0	0.0
529048133	703	100961	0.733906	0.266094	1.0	0.0
529048133	703	100962	0.754265	0.245735	1.0	0.0
529048133	703	100963	0.749694	0.250306	1.0	0.0
529048133	703	100964	0.754571	0.245429	1.0	0.0
529048133	703	100965	0.753347	0.246653	1.0	0.0
529048133	703	100966	0.768575	0.231425	1.0	0.0
529048133	703	100967	0.779499	0.220501	1.0	0.0
529048133	703	100968	0.773381	0.226619	1.0	0.0
529048133	703	100969	0.775738	0.224262	1.0	0.0
529048133	703	100970	0.778754	0.221246	1.0	0.0
529048133	703	100971	0.776054	0.223946	1.0	0.0
529048133	703	100972	0.788263	0.211737	1.0	0.0
529048133	703	100973	0.783382	0.216618	1.0	0.0
529048133	703	100974	0.78958	0.21042	1.0	0.0
529048133	703	100975	0.799436	0.200564	1.0	0.0
529048133	703	100976	0.810769	0.189231	1.0	0.0
529048133	703	100977	0.815271	0.184729	1.0	0.0
529048133	703	100978	0.811298	0.188702	1.0	0.0
529048133	703	100979	0.813433	0.186567	1.0	0.0
529048133	703	100980	0.802685	0.197315	1.0	0.0
529048133	703	100981	0.802459	0.197541	1.0	0.0
529048133	703	100982	0.79944	0.20056	1.0	0.0
529048133	703	100983	0.792779	0.207221	1.0	0.0
529048133	703	100984	0.792305	0.207695	1.0	0.0
529048133	703	100985	0.790238	0.209762	1.0	0.0
529048133	703	100986	0.800803	0.199197	1.0	0.0
529048133	703	100987	0.79855	0.20145	1.0	0.0
529048133	703	100988	0.796209	0.203791	1.0	0.0
529048133	703	100989	0.783579	0.216421	1.0	0.0
529048133	703	100990	0.791106	0.208894	1.0	0.0
529048133	703	100991	0.789347	0.210653	1.0	0.0
529048133	703	100992	0.781478	0.218522	1.0	0.0
529048133	703	100993	0.787022	0.212978	1.0	0.0
529048133	703	100994	0.779226	0.220774	1.0	0.0
529048133	703	100995	0.793569	0.206431	1.0	0.0
529048133	703	100996	0.799765	0.200235	1.0	0.0
529048133	703	100997	0.803507	0.196493	1.0	0.0
529048133	703	100998	0.793988	0.206012	1.0	0.0
529048133	703	100999	0.803	0.197	1.0	0.0
529048133	703	101000	0.802445	0.197555	1.0	0.0
529048133	703	101001	0.809754	0.190246	1.0	0.0
529048133	703	101002	0.813354	0.186646	1.0	0.0
529048133	703	101003	0.825898	0.174102	1.0	0.0
529048133	703	101004	0.829924	0.170076	1.0	0.0
529048133	703	101005	0.838851	0.161149	1.0	0.0
529048133	703	101006	0.842538	0.157462	1.0	0.0
529048133	703	101007	0.843824	0.156176	1.0	0.0
529048133	703	101008	0.836342	0.163658	1.0	0.0
529048133	703	101009	0.842062	0.157938	1.0	0.0
529048133	703	101010	0.851351	0.148649	1.0	0.0
529048133	703	101011	0.855231	0.144769	1.0	0.0
529048133	703	101012	0.855258	0.144742	1.0	0.0
529048133	703	101013	0.854793	0.145207	1.0	0.0
529048133	703	101014	0.863975	0.136025	1.0	0.0
529048133	703	101015	0.864843	0.135157	1.0	0.0
529048133	703	101016	0.865772	0.134228	1.0	0.0
529048133	703	101017	0.858626	0.141374	1.0	0.0
529048133	703	101018	0.853139	0.146861	1.0	0.0
529048133	703	101019	0.866071	0.133929	1.0	0.0
529048133	703	101020	0.865067	0.134933	1.0	0.0
529048133	703	101021	0.871203	0.128797	1.0	0.0
529048133	703	101022	0.871898	0.128102	1.0	0.0
529048133	703	101023	0.86164	0.13836	1.0	0.0
529048133	703	101024	0.866667	0.133333	1.0	0.0
529048133	703	101025	0.866107	0.133893	1.0	0.0
529048133	703	101026	0.875941	0.124059	1.0	0.0
529048133	703	101027	0.88023	0.11977	1.0	0.0
529048133	703	101028	0.881322	0.118678	1.0	0.0
529048133	703	101029	0.878183	0.121817	1.0	0.0
529048133	703	101030	0.878019	0.121981	1.0	0.0
529048133	703	101031	0.86839	0.13161	1.0	0.0
529048133	703	101032	0.862415	0.137585	1.0	0.0
529048133	703	101033	0.847566	0.152434	1.0	0.0
529048133	703	101034	0.860057	0.139943	1.0	0.0
529048133	703	101035	0.853775	0.146225	1.0	0.0
529048133	703	101036	0.853237	0.146763	1.0	0.0
529048133	703	101037	0.851124	0.148876	1.0	0.0
529048133	703	101038	0.850835	0.149165	1.0	0.0
529048133	703	101039	0.848932	0.151068	1.0	0.0
529048133	703	101040	0.84824	0.15176	1.0	0.0
529048133	703	101041	0.851469	0.148531	1.0	0.0
529048133	703	101042	0.850985	0.149015	1.0	0.0
529048133	703	101043	0.852149	0.147851	1.0	0.0
529048133	703	101044	0.853737	0.146263	1.0	0.0
529048133	703	101045	0.852452	0.147548	1.0	0.0
529048133	703	101046	0.849458	0.150542	1.0	0.0
529048133	703	101047	0.863217	0.136783	1.0	0.0
529048133	703	101048	0.862356	0.137644	1.0	0.0
529048133	703	101049	0.870445	0.129555	1.0	0.0
529048133	703	101050	0.861013	0.138987	1.0	0.0
529048133	703	101051	0.881616	0.118384	1.0	0.0
529048133	703	101052	0.887307	0.112693	1.0	0.0
529048133	703	101053	0.89313	0.10687	1.0	0.0
529048133	703	101054	0.901284	0.0987159	1.0	0.0
529048133	703	101055	0.905537	0.0944625	1.0	0.0
529048133	703	101056	0.910282	0.0897181	1.0	0.0
529048133	703	101057	0.909234	0.0907656	1.0	0.0
529048133	703	101058	0.913357	0.0866426	1.0	0.0
529048133	703	101059	0.910418	0.0895825	1.0	0.0
529048133	703	101060	0.91866	0.0813397	1.0	0.0
529048133	703	101061	0.909528	0.0904724	1.0	0.0
529048133	703	101062	0.91112	0.0888799	1.0	0.0
529048133	703	101063	0.913595	0.0864046	1.0	0.0
529048133	703	101064	0.90982	0.0901804	1.0	0.0
529048133	703	101065	0.9135	0.0864996	1.0	0.0
529048133	703	101066	0.907773	0.0922271	1.0	0.0
529048133	703	101067	0.912114	0.087886	1.0	0.0
529048133	703	101068	0.905949	0.0940514	1.0	0.0
529048133	703	101069	0.902855	0.0971451	1.0	0.0
529048133	703	101070	0.896675	0.103325	1.0	0.0
529048133	703	101071	0.894843	0.105157	1.0	0.0
529048133	703	101072	0.889672	0.110328	1.0	0.0
529048133	703	101073	0.887335	0.112665	1.0	0.0
529048133	703	101074	0.886688	0.113312	1.0	0.0
529048133	703	101075	0.884924	0.115076	1.0	0.0
529048133	703	101076	0.881502	0.118498	1.0	0.0
529048133	703	101077	0.872636	0.127364	1.0	0.0
529048133	703	101078	0.86442	0.13558	1.0	0.0
529048133	703	101079	0.852518	0.147482	1.0	0.0
529048133	703	101080	0.858753	0.141247	1.0	0.0
529048133	703	101081	0.867825	0.132175	1.0	0.0
529048133	703	101082	0.872	0.128	1.0	0.0
529048133	703	101083	0.881019	0.118981	1.0	0.0
529048133	703	101084	0.892711	0.107289	1.0	0.0
529048133	703	101085	0.895582	0.104418	1.0	0.0
529048133	703	101086	0.893515	0.106485	1.0	0.0
529048133	703	101087	0.885968	0.114032	1.0	0.0
529048133	703	101088	0.889069	0.110931	1.0	0.0
529048133	703	101089	0.895246	0.104754	1.0	0.0
529048133	703	101090	0.900894	0.0991064	1.0	0.0
529048133	703	101091	0.912474	0.0875256	1.0	0.0
529048133	703	101092	0.908541	0.0914585	1.0	0.0
529048133	703	101093	0.914206	0.0857941	1.0	0.0
529048133	703	101094	0.920999	0.0790012	1.0	0.0
529048133	703	101095	0.921718	0.0782818	1.0	0.0
529048133	703	101096	0.920361	0.0796391	1.0	0.0
529048133	703	101097	0.910736	0.0892642	1.0	0.0
529048133	703	101098	0.912941	0.0870588	1.0	0.0
529048133	703	101099	0.911753	0.0882474	1.0	0.0
529048133	703	101100	0.912475	0.0875248	1.0	0.0
529048133	703	101101	0.914877	0.085123	1.0	0.0
529048133	703	101102	0.914945	0.0850547	1.0	0.0
529048133	703	101103	0.910317	0.0896825	1.0	0.0
529048133	703	101104	0.911789	0.0882114	1.0	0.0
529048133	703	101105	0.918093	0.0819071	1.0	0.0
529048133	703	101106	0.916172	0.0838276	1.0	0.0
529048133	703	101107	0.914669	0.0853312	1.0	0.0
529048133	703	101108	0.912886	0.0871136	1.0	0.0
529048133	703	101109	0.9074	0.0925999	1.0	0.0
529048133	703	101110	0.9079	0.0920999	1.0	0.0
529048133	703	101111	0.906832	0.0931677	1.0	0.0
529048133	703	101112	0.898107	0.101893	1.0	0.0
529048133	703	101113	0.907819	0.0921811	1.0	0.0
529048133	703	101114	0.907119	0.0928805	1.0	0.0
529048133	703	101115	0.90238	0.09762	1.0	0.0
529048133	703	101116	0.905901	0.0940989	1.0	0.0
529048133	703	101117	0.910224	0.0897756	1.0	0.0
529048133	703	101118	0.907005	0.0929952	1.0	0.0
529048133	703	101119	0.918207	0.0817932	1.0	0.0
529048133	703	101120	0.924091	0.0759089	1.0	0.0
529048133	703	101121	0.926606	0.0733945	1.0	0.0
529048133	703	101122	0.927776	0.0722244	1.0	0.0
529048133	703	101123	0.92823	0.0717703	1.0	0.0
529048133	703	101124	0.923729	0.0762712	1.0	0.0
529048133	703	101125	0.920927	0.0790735	1.0	0.0
529048133	703	101126	0.911438	0.0885624	1.0	0.0
529048133	703	101127	0.904317	0.0956826	1.0	0.0
529048133	703	101128	0.915144	0.0848559	1.0	0.0
529048133	703	101129	0.905433	0.0945674	1.0	0.0
529048133	703	101130	0.907618	0.0923825	1.0	0.0
529048133	703	101131	0.911042	0.0889583	1.0	0.0
529048133	703	101132	0.915191	0.0848086	1.0	0.0
529048133	703	101133	0.910623	0.0893767	1.0	0.0
529048133	703	101134	0.904225	0.0957746	1.0	0.0
529048133	703	101135	0.9036	0.0964	1.0	0.0
529048133	703	101136	0.895808	0.104192	1.0	0.0
529048133	703	101137	0.890569	0.109431	1.0	0.0
529048133	703	101138	0.898682	0.101318	1.0	0.0
529048133	703	101139	0.8958	0.1042	1.0	0.0
529048133	703	101140	0.906392	0.0936082	1.0	0.0
529048133	703	101141	0.911777	0.0882232	1.0	0.0
529048133	703	101142	0.918164	0.0818363	1.0	0.0
529048133	703	101143	0.914069	0.0859313	1.0	0.0
529048133	703	101144	0.909878	0.090122	1.0	0.0
529048133	703	101145	0.906639	0.093361	1.0	0.0
529048133	703	101146	0.899469	0.100531	1.0	0.0
529048133	703	101147	0.894488	0.105512	1.0	0.0
529048133	703	101148	0.892729	0.107271	1.0	0.0
529048133	703	101149	0.889571	0.110429	1.0	0.0
529048133	703	101150	0.898744	0.101256	1.0	0.0
529048133	703	101151	0.898668	0.101332	1.0	0.0
529048133	703	101152	0.898744	0.101256	1.0	0.0
529048133	703	101153	0.898734	0.101266	1.0	0.0
529048133	703	101154	0.894611	0.105389	1.0	0.0
529048133	703	101155	0.893677	0.106323	1.0	0.0
529048133	703	101156	0.89662	0.10338	1.0	0.0
529048133	703	101157	0.890379	0.109621	1.0	0.0
529048133	703	101158	0.89415	0.10585	1.0	0.0
529048133	703	101159	0.892872	0.107128	1.0	0.0
529048133	703	101160	0.891892	0.108108	1.0	0.0
529048133	703	101161	0.888889	0.111111	1.0	0.0
529048133	703	101162	0.891054	0.108946	1.0	0.0
529048133	703	101163	0.886264	0.113736	1.0	0.0
529048133	703	101164	0.889286	0.110714	1.0	0.0
529048133	703	101165	0.883767	0.116233	1.0	0.0
529048133	703	101166	0.892786	0.107214	1.0	0.0
529048133	703	101167	0.884228	0.115772	1.0	0.0
529048133	703	101168	0.891742	0.108258	1.0	0.0
529048133	703	101169	0.890351	0.109649	1.0	0.0
529048133	703	101170	0.892713	0.107287	1.0	0.0
529048133	703	101171	0.896441	0.103559	1.0	0.0
529048133	703	101172	0.88357	0.11643	1.0	0.0
529048133	703	101173	0.88977	0.11023	1.0	0.0
529048133	703	101174	0.893573	0.106427	1.0	0.0
529048133	703	101175	0.887809	0.112191	1.0	0.0
529048133	703	101176	0.884631	0.115369	1.0	0.0
529048133	703	101177	0.882933	0.117067	1.0	0.0
529048133	703	101178	0.87747	0.12253	1.0	0.0
529048133	703	101179	0.868545	0.131455	1.0	0.0
529048133	703	101180	0.871138	0.128862	1.0	0.0
529048133	703	101181	0.862479	0.137521	1.0	0.0
529048133	703	101182	0.873268	0.126732	1.0	0.0
529048133	703	101183	0.884523	0.115477	1.0	0.0
529048133	703	101184	0.894942	0.105058	1.0	0.0
529048133	703	101185	0.8875	0.1125	1.0	0.0
529048133	703	101186	0.891366	0.108634	1.0	0.0
529048133	703	101187	0.885383	0.114617	1.0	0.0
529048133	703	101188	0.891085	0.108915	1.0	0.0
529048133	703	101189	0.888668	0.111332	1.0	0.0
529048133	703	101190	0.893927	0.106073	1.0	0.0
529048133	703	101191	0.894176	0.105824	1.0	0.0
529048133	703	101192	0.901764	0.0982358	1.0	0.0
529048133	703	101193	0.910317	0.0896825	1.0	0.0
529048133	703	101194	0.911192	0.0888078	1.0	0.0
529048133	703	101195	0.91242	0.0875796	1.0	0.0
529048133	703	101196	0.910163	0.0898374	1.0	0.0
529048133	703	101197	0.90269	0.0973101	1.0	0.0
529048133	703	101198	0.892885	0.107115	1.0	0.0
529048133	703	101199	0.888384	0.111616	1.0	0.0
529048133	703	101200	0.890052	0.109948	1.0	0.0
529048133	703	101201	0.899602	0.100398	1.0	0.0
529048133	703	101202	0.889984	0.110016	1.0	0.0
529048133	703	101203	0.892141	0.107859	1.0	0.0
529048133	703	101204	0.885782	0.114218	1.0	0.0
529048133	703	101205	0.886454	0.113546	1.0	0.0
529048133	703	101206	0.892788	0.107212	1.0	0.0
529048133	703	101207	0.894335	0.105665	1.0	0.0
529048133	703	101208	0.899038	0.100962	1.0	0.0
529048133	703	101209	0.898867	0.101133	1.0	0.0
529048133	703	101210	0.905622	0.0943783	1.0	0.0
529048133	703	101211	0.897976	0.102024	1.0	0.0
529048133	703	101212	0.893328	0.106672	1.0	0.0
529048133	703	101213	0.894843	0.105157	1.0	0.0
529048133	703	101214	0.897792	0.102208	1.0	0.0
529048133	703	101215	0.904594	0.0954064	1.0	0.0
529048133	703	101216	0.906948	0.0930516	1.0	0.0
529048133	703	101217	0.902932	0.0970681	1.0	0.0
529048133	703	101218	0.89783	0.10217	1.0	0.0
529048133	703	101219	0.894844	0.105156	1.0	0.0
529048133	703	101220	0.896094	0.103906	1.0	0.0
529048133	703	101221	0.905676	0.0943242	1.0	0.0
529048133	703	101222	0.896606	0.103394	1.0	0.0
529048133	703	101223	0.894882	0.105118	1.0	0.0
529048133	703	101224	0.89163	0.10837	1.0	0.0
529048133	703	101225	0.901121	0.0988791	1.0	0.0
529048133	703	101226	0.891871	0.108129	1.0	0.0
529048133	703	101227	0.895784	0.104216	1.0	0.0
529048133	703	101228	0.894341	0.105659	1.0	0.0
529048133	703	101229	0.893541	0.106459	1.0	0.0
529048133	703	101230	0.897845	0.102155	1.0	0.0
529048133	703	101231	0.90016	0.0998396	1.0	0.0
529048133	703	101232	0.898899	0.101101	1.0	0.0
529048133	703	101233	0.899481	0.100519	1.0	0.0
529048133	703	101234	0.898498	0.101502	1.0	0.0
529048133	703	101235	0.89	0.11	1.0	0.0
529048133	703	101236	0.893868	0.106132	1.0	0.0
529048133	703	101237	0.888306	0.111694	1.0	0.0
529048133	703	101238	0.888759	0.111241	1.0	0.0
529048133	703	101239	0.881192	0.118808	1.0	0.0
529048133	703	101240	0.874652	0.125348	1.0	0.0
529048133	703	101241	0.864715	0.135285	1.0	0.0
529048133	703	101242	0.864738	0.135262	1.0	0.0
529048133	703	101243	0.862907	0.137093	1.0	0.0
529048133	703	101244	0.870043	0.129957	1.0	0.0
529048133	703	101245	0.869976	0.130024	1.0	0.0
529048133	703	101246	0.874297	0.125703	1.0	0.0
529048133	703	101247	0.867956	0.132044	1.0	0.0
529048133	703	101248	0.860474	0.139526	1.0	0.0
529048133	703	101249	0.866321	0.133679	1.0	0.0
529048133	703	101250	0.870241	0.129759	1.0	0.0
529048133	703	101251	0.875843	0.124157	1.0	0.0
529048133	703	101252	0.871888	0.128112	1.0	0.0
529048133	703	101253	0.865057	0.134943	1.0	0.0
529048133	703	101254	0.870415	0.129585	1.0	0.0
529048133	703	101255	0.875402	0.124598	1.0	0.0
529048133	703	101256	0.858954	0.141046	1.0	0.0
529048133	703	101257	0.848558	0.151442	1.0	0.0
529048133	703	101258	0.854524	0.145476	1.0	0.0
529048133	703	101259	0.856204	0.143796	1.0	0.0
529048133	703	101260	0.860659	0.139341	1.0	0.0
529048133	703	101261	0.863062	0.136938	1.0	0.0
529048133	703	101262	0.860734	0.139266	1.0	0.0
529048133	703	101263	0.85629	0.14371	1.0	0.0
529048133	703	101264	0.852087	0.147913	1.0	0.0
529048133	703	101265	0.851424	0.148576	1.0	0.0
529048133	703	101266	0.838084	0.161916	1.0	0.0
529048133	703	101267	0.835092	0.164908	1.0	0.0
529048133	703	101268	0.827723	0.172277	1.0	0.0
529048133	703	101269	0.826938	0.173062	1.0	0.0
529048133	703	101270	0.823246	0.176754	1.0	0.0
529048133	703	101271	0.821654	0.178346	1.0	0.0
529048133	703	101272	0.823864	0.176136	1.0	0.0
529048133	703	101273	0.815029	0.184971	1.0	0.0
529048133	703	101274	0.815156	0.184844	1.0	0.0
529048133	703	101275	0.808452	0.191548	1.0	0.0
529048133	703	101276	0.800637	0.199363	1.0	0.0
529048133	703	101277	0.791335	0.208665	1.0	0.0
529048133	703	101278	0.792722	0.207278	1.0	0.0
529048133	703	101279	0.785235	0.214765	1.0	0.0
529048133	703	101280	0.784173	0.215827	1.0	0.0
529048133	703	101281	0.768955	0.231045	1.0	0.0
529048133	703	101282	0.771874	0.228126	1.0	0.0
529048133	703	101283	0.778918	0.221082	1.0	0.0
529048133	703	101284	0.787915	0.212085	1.0	0.0
529048133	703	101285	0.793785	0.206215	1.0	0.0
529048133	703	101286	0.79657	0.20343	1.0	0.0
529048133	703	101287	0.802354	0.197646	1.0	0.0
529048133	703	101288	0.798805	0.201195	1.0	0.0
529048133	703	101289	0.814978	0.185022	1.0	0.0
529048133	703	101290	0.804453	0.195547	1.0	0.0
529048133	703	101291	0.806935	0.193065	1.0	0.0
529048133	703	101292	0.80228	0.19772	1.0	0.0
529048133	703	101293	0.809881	0.190119	1.0	0.0
529048133	703	101294	0.796093	0.203907	1.0	0.0
529048133	703	101295	0.790949	0.209051	1.0	0.0
529048133	703	101296	0.801041	0.198959	1.0	0.0
529048133	703	101297	0.810716	0.189284	1.0	0.0
529048133	703	101298	0.815317	0.184683	1.0	0.0
529048133	703	101299	0.814648	0.185352	1.0	0.0
529048133	703	101300	0.805403	0.194597	1.0	0.0
529048133	703	101301	0.798671	0.201329	1.0	0.0
529048133	703	101302	0.795049	0.204951	1.0	0.0
529048133	703	101303	0.797944	0.202056	1.0	0.0
529048133	703	101304	0.796958	0.203042	1.0	0.0
529048133	703	101305	0.800486	0.199514	1.0	0.0
529048133	703	101306	0.809831	0.190169	1.0	0.0
529048133	703	101307	0.801533	0.198467	1.0	0.0
529048133	703	101308	0.80303	0.19697	1.0	0.0
529048133	703	101309	0.8021	0.1979	1.0	0.0
529048133	703	101310	0.813275	0.186725	1.0	0.0
529048133	703	101311	0.825089	0.174911	1.0	0.0
529048133	703	101312	0.82346	0.17654	1.0	0.0
529048133	703	101313	0.81917	0.18083	1.0	0.0
529048133	703	101314	0.836019	0.163981	1.0	0.0
529048133	703	101315	0.842147	0.157853	1.0	0.0
529048133	703	101316	0.84345	0.15655	1.0	0.0
529048133	703	101317	0.842396	0.157604	1.0	0.0
529048133	703	101318	0.833266	0.166734	1.0	0.0
529048133	703	101319	0.830502	0.169498	1.0	0.0
529048133	703	101320	0.831041	0.168959	1.0	0.0
529048133	703	101321	0.837998	0.162002	1.0	0.0
529048133	703	101322	0.840683	0.159317	1.0	0.0
529048133	703	101323	0.822222	0.177778	1.0	0.0
529048133	703	101324	0.827696	0.172304	1.0	0.0
529048133	703	101325	0.8344	0.1656	1.0	0.0
529048133	703	101326	0.831545	0.168455	1.0	0.0
529048133	703	101327	0.831813	0.168187	1.0	0.0
529048133	703	101328	0.827141	0.172859	1.0	0.0
529048133	703	101329	0.821414	0.178586	1.0	0.0
529048133	703	101330	0.814331	0.185669	1.0	0.0
529048133	703	101331	0.810929	0.189071	1.0	0.0
529048133	703	101332	0.820732	0.179268	1.0	0.0
529048133	703	101333	0.825764	0.174236	1.0	0.0
529048133	703	101334	0.830393	0.169607	1.0	0.0
529048133	703	101335	0.842619	0.157381	1.0	0.0
529048133	703	101336	0.845933	0.154067	1.0	0.0
529048133	703	101337	0.852859	0.147141	1.0	0.0
529048133	703	101338	0.843265	0.156735	1.0	0.0
529048133	703	101339	0.861514	0.138486	1.0	0.0
529048133	703	101340	0.857901	0.142099	1.0	0.0
529048133	703	101341	0.857319	0.142681	1.0	0.0
529048133	703	101342	0.863102	0.136898	1.0	0.0
529048133	703	101343	0.857774	0.142226	1.0	0.0
529048133	703	101344	0.865455	0.134545	1.0	0.0
529048133	703	101345	0.866881	0.133119	1.0	0.0
529048133	703	101346	0.878059	0.121941	1.0	0.0
529048133	703	101347	0.878727	0.121273	1.0	0.0
529048133	703	101348	0.872573	0.127427	1.0	0.0
529048133	703	101349	0.876377	0.123623	1.0	0.0
529048133	703	101350	0.883564	0.116436	1.0	0.0
529048133	703	101351	0.880756	0.119244	1.0	0.0
529048133	703	101352	0.876592	0.123408	1.0	0.0
529048133	703	101353	0.88434	0.11566	1.0	0.0
529048133	703	101354	0.879009	0.120991	1.0	0.0
529048133	703	101355	0.877724	0.122276	1.0	0.0
529048133	703	101356	0.889115	0.110885	1.0	0.0
529048133	703	101357	0.896391	0.103609	1.0	0.0
529048133	703	101358	0.903226	0.0967742	1.0	0.0
529048133	703	101359	0.901945	0.0980548	1.0	0.0
529048133	703	101360	0.905297	0.094703	1.0	0.0
529048133	703	101361	0.892671	0.107329	1.0	0.0
529048133	703	101362	0.892942	0.107058	1.0	0.0
529048133	703	101363	0.896895	0.103105	1.0	0.0
529048133	703	101364	0.889021	0.110979	1.0	0.0
529048133	703	101365	0.891914	0.108086	1.0	0.0
529048133	703	101366	0.892728	0.107272	1.0	0.0
529048133	703	101367	0.898394	0.101606	1.0	0.0
529048133	703	101368	0.903009	0.0969913	1.0	0.0
529048133	703	101369	0.899922	0.100078	1.0	0.0
529048133	703	101370	0.885305	0.114695	1.0	0.0
529048133	703	101371	0.869925	0.130075	1.0	0.0
529048133	703	101372	0.867932	0.132068	1.0	0.0
529048133	703	101373	0.855455	0.144545	1.0	0.0
529048133	703	101374	0.851422	0.148578	1.0	0.0
529048133	703	101375	0.853376	0.146624	1.0	0.0
529048133	703	101376	0.863492	0.136508	1.0	0.0
529048133	703	101377	0.872997	0.127003	1.0	0.0
529048133	703	101378	0.879633	0.120367	1.0	0.0
529048133	703	101379	0.887341	0.112659	1.0	0.0
529048133	703	101380	0.877672	0.122328	1.0	0.0
529048133	703	101381	0.869844	0.130156	1.0	0.0
529048133	703	101382	0.867102	0.132898	1.0	0.0
529048133	703	101383	0.873388	0.126612	1.0	0.0
529048133	703	101384	0.876523	0.123477	1.0	0.0
529048133	703	101385	0.882494	0.117506	1.0	0.0
529048133	703	101386	0.883456	0.116544	1.0	0.0
529048133	703	101387	0.879489	0.120511	1.0	0.0
529048133	703	101388	0.878909	0.121091	1.0	0.0
529048133	703	101389	0.876244	0.123756	1.0	0.0
529048133	703	101390	0.879919	0.120081	1.0	0.0
529048133	703	101391	0.879121	0.120879	1.0	0.0
529048133	703	101392	0.89313	0.10687	1.0	0.0
529048133	703	101393	0.891261	0.108739	1.0	0.0
529048133	703	101394	0.895571	0.104429	1.0	0.0
529048133	703	101395	0.900272	0.0997284	1.0	0.0
529048133	703	101396	0.885062	0.114938	1.0	0.0
529048133	703	101397	0.872207	0.127793	1.0	0.0
529048133	703	101398	0.890845	0.109155	1.0	0.0
529048133	703	101399	0.892002	0.107998	1.0	0.0
529048133	703	101400	0.889897	0.110103	1.0	0.0
529048133	703	101401	0.889927	0.110073	1.0	0.0
529048133	703	101402	0.886484	0.113516	1.0	0.0
529048133	703	101403	0.880387	0.119613	1.0	0.0
529048133	703	101404	0.885098	0.114902	1.0	0.0
529048133	703	101405	0.901381	0.0986193	1.0	0.0
529048133	703	101406	0.904022	0.0959777	1.0	0.0
529048133	703	101407	0.898359	0.101641	1.0	0.0
529048133	703	101408	0.914031	0.0859692	1.0	0.0
529048133	703	101409	0.915064	0.0849359	1.0	0.0
529048133	703	101410	0.918614	0.081386	1.0	0.0
529048133	703	101411	0.915926	0.0840744	1.0	0.0
529048133	703	101412	0.92198	0.0780198	1.0	0.0
529048133	703	101413	0.923257	0.0767433	1.0	0.0
529048133	703	101414	0.922073	0.0779272	1.0	0.0
529048133	703	101415	0.924366	0.0756337	1.0	0.0
529048133	703	101416	0.927782	0.0722178	1.0	0.0
529048133	703	101417	0.933254	0.0667461	1.0	0.0
529048133	703	101418	0.930912	0.069088	1.0	0.0
529048133	703	101419	0.93012	0.0698795	1.0	0.0
529048133	703	101420	0.934295	0.0657051	1.0	0.0
529048133	703	101421	0.936463	0.063537	1.0	0.0
529048133	703	101422	0.93926	0.0607401	1.0	0.0
529048133	703	101423	0.931104	0.0688961	1.0	0.0
529048133	703	101424	0.929109	0.0708911	1.0	0.0
529048133	703	101425	0.927301	0.0726985	1.0	0.0
529048133	703	101426	0.927426	0.0725742	1.0	0.0
529048133	703	101427	0.935395	0.0646045	1.0	0.0
529048133	703	101428	0.934148	0.0658517	1.0	0.0
529048133	703	101429	0.93703	0.0629703	1.0	0.0
529048133	703	101430	0.93899	0.0610101	1.0	0.0
529048133	703	101431	0.942729	0.0572705	1.0	0.0
529048133	703	101432	0.9456	0.0544	1.0	0.0
529048133	703	101433	0.943471	0.0565287	1.0	0.0
529048133	703	101434	0.943501	0.0564994	1.0	0.0
529048133	703	101435	0.952	0.048	1.0	0.0
529048133	703	101436	0.952805	0.0471954	1.0	0.0
529048133	703	101437	0.957538	0.042462	1.0	0.0
529048133	703	101438	0.948303	0.0516969	1.0	0.0
529048133	703	101439	0.946688	0.0533118	1.0	0.0
529048133	703	101440	0.948567	0.0514331	1.0	0.0
529048133	703	101441	0.946393	0.0536074	1.0	0.0
529048133	703	101442	0.949451	0.0505486	1.0	0.0
529048133	703	101443	0.946862	0.0531382	1.0	0.0
529048133	703	101444	0.948345	0.0516546	1.0	0.0
529048133	703	101445	0.949412	0.0505882	1.0	0.0
529048133	703	101446	0.953958	0.046042	1.0	0.0
529048133	703	101447	0.954051	0.0459492	1.0	0.0
529048133	703	101448	0.951394	0.0486056	1.0	0.0
529048133	703	101449	0.942981	0.0570193	1.0	0.0
529048133	703	101450	0.941828	0.0581717	1.0	0.0
529048133	703	101451	0.947667	0.0523327	1.0	0.0
529048133	703	101452	0.949777	0.0502228	1.0	0.0
529048133	703	101453	0.948541	0.0514587	1.0	0.0
529048133	703	101454	0.945	0.055	1.0	0.0
529048133	703	101455	0.941846	0.0581537	1.0	0.0
529048133	703	101456	0.943802	0.0561977	1.0	0.0
529048133	703	101457	0.94025	0.0597497	1.0	0.0
529048133	703	101458	0.942777	0.0572229	1.0	0.0
529048133	703	101459	0.946359	0.0536413	1.0	0.0
529048133	703	101460	0.943918	0.0560821	1.0	0.0
529048133	703	101461	0.950313	0.049687	1.0	0.0
529048133	703	101462	0.938456	0.0615445	1.0	0.0
529048133	703	101463	0.936342	0.0636583	1.0	0.0
529048133	703	101464	0.93517	0.0648298	1.0	0.0
529048133	703	101465	0.935965	0.0640354	1.0	0.0
529048133	703	101466	0.930393	0.0696074	1.0	0.0
529048133	703	101467	0.935289	0.0647106	1.0	0.0
529048133	703	101468	0.93275	0.0672503	1.0	0.0
529048133	703	101469	0.941614	0.0583856	1.0	0.0
529048133	703	101470	0.940943	0.0590567	1.0	0.0
529048133	703	101471	0.931846	0.0681542	1.0	0.0
529048133	703	101472	0.936653	0.0633466	1.0	0.0
529048133	703	101473	0.931088	0.0689115	1.0	0.0
529048133	703	101474	0.929217	0.0707825	1.0	0.0
529048133	703	101475	0.924476	0.0755239	1.0	0.0
529048133	703	101476	0.924102	0.0758983	1.0	0.0
529048133	703	101477	0.91498	0.0850202	1.0	0.0
529048133	703	101478	0.913395	0.0866046	1.0	0.0
529048133	703	101479	0.917542	0.0824576	1.0	0.0
529048133	703	101480	0.925091	0.0749094	1.0	0.0
529048133	703	101481	0.934048	0.0659515	1.0	0.0
529048133	703	101482	0.93179	0.0682095	1.0	0.0
529048133	703	101483	0.930054	0.0699462	1.0	0.0
529048133	703	101484	0.938207	0.0617932	1.0	0.0
529048133	703	101485	0.937647	0.0623529	1.0	0.0
529048133	703	101486	0.937652	0.0623482	1.0	0.0
529048133	703	101487	0.940322	0.0596781	1.0	0.0
529048133	703	101488	0.946478	0.0535222	1.0	0.0
529048133	703	101489	0.951652	0.0483481	1.0	0.0
529048133	703	101490	0.949543	0.0504569	1.0	0.0
529048133	703	101491	0.948325	0.0516754	1.0	0.0
529048133	703	101492	0.943177	0.0568227	1.0	0.0
529048133	703	101493	0.948975	0.0510247	1.0	0.0
529048133	703	101494	0.947809	0.0521912	1.0	0.0
529048133	703	101495	0.944313	0.0556872	1.0	0.0
529048133	703	101496	0.947052	0.0529483	1.0	0.0
529048133	703	101497	0.943567	0.0564325	1.0	0.0
529048133	703	101498	0.947847	0.0521533	1.0	0.0
529048133	703	101499	0.952016	0.0479839	1.0	0.0
529048133	703	101500	0.950285	0.0497148	1.0	0.0
529048133	703	101501	0.949234	0.0507655	1.0	0.0
529048133	703	101502	0.950531	0.0494685	1.0	0.0
529048133	703	101503	0.955361	0.0446393	1.0	0.0
529048133	703	101504	0.958036	0.0419636	1.0	0.0
529048133	703	101505	0.955056	0.0449438	1.0	0.0
529048133	703	101506	0.961643	0.0383572	1.0	0.0
529048133	703	101507	0.960033	0.0399674	1.0	0.0
529048133	703	101508	0.957797	0.0422026	1.0	0.0
529048133	703	101509	0.957695	0.0423046	1.0	0.0
529048133	703	101510	0.958621	0.0413793	1.0	0.0
529048133	703	101511	0.955157	0.044843	1.0	0.0
529048133	703	101512	0.949194	0.0508065	1.0	0.0
529048133	703	101513	0.948902	0.0510978	1.0	0.0
529048133	703	101514	0.942846	0.0571543	1.0	0.0
529048133	703	101515	0.9375	0.0625	1.0	0.0
529048133	703	101516	0.946779	0.0532213	1.0	0.0
529048133	703	101517	0.955336	0.044664	1.0	0.0
529048133	703	101518	0.9508	0.0492	1.0	0.0
529048133	703	101519	0.95211	0.0478896	1.0	0.0
529048133	703	101520	0.955817	0.0441832	1.0	0.0
529048133	703	101521	0.954096	0.0459042	1.0	0.0
529048133	703	101522	0.957886	0.0421136	1.0	0.0
529048133	703	101523	0.956451	0.043549	1.0	0.0
529048133	703	101524	0.958767	0.041233	1.0	0.0
529048133	703	101525	0.953216	0.0467836	1.0	0.0
529048133	703	101526	0.949539	0.0504606	1.0	0.0
529048133	703	101527	0.949646	0.0503541	1.0	0.0
529048133	703	101528	0.951249	0.0487515	1.0	0.0
529048133	703	101529	0.95493	0.0450704	1.0	0.0
529048133	703	101530	0.95384	0.04616	1.0	0.0
529048133	703	101531	0.948594	0.0514056	1.0	0.0
529048133	703	101532	0.944334	0.055666	1.0	0.0
529048133	703	101533	0.946499	0.0535012	1.0	0.0
529048133	703	101534	0.944333	0.0556668	1.0	0.0
529048133	703	101535	0.938996	0.0610039	1.0	0.0
529048133	703	101536	0.932875	0.0671249	1.0	0.0
529048133	703	101537	0.934946	0.0650536	1.0	0.0
529048133	703	101538	0.939686	0.0603136	1.0	0.0
529048133	703	101539	0.945562	0.0544379	1.0	0.0
529048133	703	101540	0.944511	0.0554895	1.0	0.0
529048133	703	101541	0.936887	0.0631125	1.0	0.0
529048133	703	101542	0.944179	0.0558214	1.0	0.0
529048133	703	101543	0.940965	0.0590347	1.0	0.0
529048133	703	101544	0.938891	0.0611089	1.0	0.0
529048133	703	101545	0.943136	0.0568643	1.0	0.0
529048133	703	101546	0.933046	0.0669538	1.0	0.0
529048133	703	101547	0.936829	0.0631709	1.0	0.0
529048133	703	101548	0.939005	0.0609952	1.0	0.0
529048133	703	101549	0.94885	0.0511499	1.0	0.0
529048133	703	101550	0.94922	0.0507797	1.0	0.0
529048133	703	101551	0.941977	0.0580232	1.0	0.0
529048133	703	101552	0.951229	0.0487707	1.0	0.0
529048133	703	101553	0.957248	0.0427524	1.0	0.0
529048133	703	101554	0.953368	0.0466321	1.0	0.0
529048133	703	101555	0.951496	0.0485044	1.0	0.0
529048133	703	101556	0.948421	0.0515794	1.0	0.0
529048133	703	101557	0.944287	0.0557126	1.0	0.0
529048133	703	101558	0.948738	0.0512618	1.0	0.0
529048133	703	101559	0.950288	0.0497124	1.0	0.0
529048133	703	101560	0.956258	0.0437424	1.0	0.0
529048133	703	101561	0.958117	0.0418827	1.0	0.0
