ID	Td	gen	p1m_in_p3	p2m_in_p3	p1f_in_p3	p2f_in_p3
795430036	1000	101000	0.634538	0.365462	0.767068	0.232932
795430036	1000	101001	0.626305	0.373695	0.788868	0.211132
795430036	1000	101002	0.623188	0.376812	0.796905	0.203095
795430036	1000	101003	0.604255	0.395745	0.771698	0.228302
795430036	1000	101004	0.618449	0.381551	0.801147	0.198853
795430036	1000	101005	0.635246	0.364754	0.826172	0.173828
795430036	1000	101006	0.603412	0.396588	0.836158	0.163842
795430036	1000	101007	0.549061	0.450939	0.854127	0.145873
795430036	1000	101008	0.558704	0.441296	0.891304	0.108696
795430036	1000	101009	0.564202	0.435798	0.903292	0.0967078
795430036	1000	101010	0.53719	0.46281	0.908915	0.0910853
795430036	1000	101011	0.499025	0.500975	0.924025	0.0759754
795430036	1000	101012	0.500998	0.499002	0.915832	0.0841683
795430036	1000	101013	0.532389	0.467611	0.916996	0.083004
795430036	1000	101014	0.543568	0.456432	0.899614	0.100386
795430036	1000	101015	0.554371	0.445629	0.907721	0.0922787
795430036	1000	101016	0.549495	0.450505	0.924752	0.0752475
795430036	1000	101017	0.545455	0.454545	0.922772	0.0772277
795430036	1000	101018	0.525773	0.474227	0.924272	0.0757282
795430036	1000	101019	0.527619	0.472381	0.934737	0.0652632
795430036	1000	101020	0.524793	0.475207	0.957364	0.0426357
795430036	1000	101021	0.538934	0.461066	0.958984	0.0410156
795430036	1000	101022	0.562624	0.437376	0.967807	0.0321932
795430036	1000	101023	0.593878	0.406122	0.956863	0.0431373
795430036	1000	101024	0.591085	0.408915	0.946281	0.053719
795430036	1000	101025	0.578	0.422	0.958	0.042
795430036	1000	101026	0.581162	0.418838	0.956088	0.0439122
795430036	1000	101027	0.614931	0.385069	0.96334	0.0366599
795430036	1000	101028	0.645793	0.354207	0.96728	0.0327198
795430036	1000	101029	0.619522	0.380478	0.959839	0.0401606
795430036	1000	101030	0.631579	0.368421	0.938735	0.0612648
795430036	1000	101031	0.64	0.36	0.948	0.052
795430036	1000	101032	0.626984	0.373016	0.945565	0.0544355
795430036	1000	101033	0.639279	0.360721	0.954092	0.0459082
795430036	1000	101034	0.62423	0.37577	0.957115	0.042885
795430036	1000	101035	0.632411	0.367589	0.963563	0.0364372
795430036	1000	101036	0.638298	0.361702	0.971014	0.0289855
795430036	1000	101037	0.624277	0.375723	0.970894	0.029106
795430036	1000	101038	0.582121	0.417879	0.967245	0.0327553
795430036	1000	101039	0.585366	0.414634	0.962598	0.0374016
795430036	1000	101040	0.612069	0.387931	0.947761	0.0522388
795430036	1000	101041	0.590099	0.409901	0.949495	0.0505051
795430036	1000	101042	0.594697	0.405303	0.938559	0.0614407
795430036	1000	101043	0.589474	0.410526	0.942857	0.0571429
795430036	1000	101044	0.580078	0.419922	0.944672	0.0553279
795430036	1000	101045	0.59761	0.40239	0.941767	0.0582329
795430036	1000	101046	0.60757	0.39243	0.951807	0.0481928
795430036	1000	101047	0.631478	0.368522	0.951983	0.0480167
795430036	1000	101048	0.634241	0.365759	0.940329	0.0596708
795430036	1000	101049	0.65567	0.34433	0.935922	0.0640777
795430036	1000	101050	0.642	0.358	0.95	0.05
795430036	1000	101051	0.628	0.372	0.942	0.058
795430036	1000	101052	0.610136	0.389864	0.963039	0.036961
795430036	1000	101053	0.610204	0.389796	0.984314	0.0156863
795430036	1000	101054	0.58215	0.41785	0.980276	0.0197239
795430036	1000	101055	0.57935	0.42065	0.987421	0.0125786
795430036	1000	101056	0.534972	0.465028	0.989384	0.0106157
795430036	1000	101057	0.529532	0.470468	0.990177	0.00982318
795430036	1000	101058	0.523139	0.476861	0.99006	0.00994036
795430036	1000	101059	0.520576	0.479424	0.992218	0.0077821
795430036	1000	101060	0.512048	0.487952	0.994024	0.0059761
795430036	1000	101061	0.484342	0.515658	0.996161	0.00383877
795430036	1000	101062	0.519011	0.480989	0.993671	0.00632911
795430036	1000	101063	0.526971	0.473029	0.988417	0.011583
795430036	1000	101064	0.514286	0.485714	0.988235	0.0117647
795430036	1000	101065	0.53831	0.46169	0.985743	0.0142566
795430036	1000	101066	0.524291	0.475709	0.982213	0.0177866
795430036	1000	101067	0.536346	0.463654	0.977597	0.0224033
795430036	1000	101068	0.509615	0.490385	0.96875	0.03125
795430036	1000	101069	0.519763	0.480237	0.967611	0.0323887
795430036	1000	101070	0.498965	0.501035	0.969052	0.0309478
795430036	1000	101071	0.474438	0.525562	0.964775	0.035225
795430036	1000	101072	0.469136	0.530864	0.974708	0.0252918
795430036	1000	101073	0.437751	0.562249	0.976096	0.0239044
795430036	1000	101074	0.430041	0.569959	0.966926	0.0330739
795430036	1000	101075	0.431211	0.568789	0.97076	0.0292398
795430036	1000	101076	0.425887	0.574113	0.96929	0.0307102
795430036	1000	101077	0.419162	0.580838	0.953908	0.0460922
795430036	1000	101078	0.431641	0.568359	0.944672	0.0553279
795430036	1000	101079	0.43361	0.56639	0.932432	0.0675676
795430036	1000	101080	0.439076	0.560924	0.933206	0.0667939
795430036	1000	101081	0.406	0.594	0.946	0.054
795430036	1000	101082	0.383505	0.616495	0.947573	0.0524272
795430036	1000	101083	0.410931	0.589069	0.932806	0.0671937
795430036	1000	101084	0.439394	0.560606	0.938559	0.0614407
795430036	1000	101085	0.439516	0.560484	0.936508	0.0634921
795430036	1000	101086	0.472549	0.527451	0.92449	0.0755102
795430036	1000	101087	0.46507	0.53493	0.93988	0.0601202
795430036	1000	101088	0.472574	0.527426	0.931559	0.0684411
795430036	1000	101089	0.509921	0.490079	0.943548	0.0564516
795430036	1000	101090	0.499051	0.500949	0.945032	0.0549683
795430036	1000	101091	0.507246	0.492754	0.953578	0.0464217
795430036	1000	101092	0.510204	0.489796	0.954902	0.045098
795430036	1000	101093	0.507722	0.492278	0.952282	0.0477178
795430036	1000	101094	0.541494	0.458506	0.92471	0.0752896
795430036	1000	101095	0.518443	0.481557	0.908203	0.0917969
795430036	1000	101096	0.53816	0.46184	0.92638	0.0736196
795430036	1000	101097	0.515748	0.484252	0.928862	0.0711382
795430036	1000	101098	0.503158	0.496842	0.910476	0.0895238
795430036	1000	101099	0.536585	0.463415	0.897638	0.102362
795430036	1000	101100	0.576017	0.423983	0.883677	0.116323
795430036	1000	101101	0.575	0.425	0.8875	0.1125
795430036	1000	101102	0.579918	0.420082	0.904297	0.0957031
795430036	1000	101103	0.540041	0.459959	0.877193	0.122807
795430036	1000	101104	0.533333	0.466667	0.890385	0.109615
795430036	1000	101105	0.49892	0.50108	0.89013	0.10987
795430036	1000	101106	0.531496	0.468504	0.906504	0.0934959
795430036	1000	101107	0.531697	0.468303	0.917808	0.0821918
795430036	1000	101108	0.516899	0.483101	0.917505	0.082495
795430036	1000	101109	0.52988	0.47012	0.923695	0.0763052
795430036	1000	101110	0.49896	0.50104	0.938343	0.061657
795430036	1000	101111	0.561475	0.438525	0.951172	0.0488281
795430036	1000	101112	0.577465	0.422535	0.94831	0.0516899
795430036	1000	101113	0.558416	0.441584	0.939394	0.0606061
795430036	1000	101114	0.574257	0.425743	0.939394	0.0606061
795430036	1000	101115	0.594595	0.405405	0.941909	0.0580913
795430036	1000	101116	0.577083	0.422917	0.934615	0.0653846
795430036	1000	101117	0.579681	0.420319	0.939759	0.060241
795430036	1000	101118	0.592885	0.407115	0.945344	0.0546559
795430036	1000	101119	0.634497	0.365503	0.937622	0.0623782
795430036	1000	101120	0.612371	0.387629	0.932039	0.0679612
795430036	1000	101121	0.642857	0.357143	0.933468	0.0665323
795430036	1000	101122	0.610266	0.389734	0.93038	0.0696203
795430036	1000	101123	0.619433	0.380567	0.93083	0.06917
795430036	1000	101124	0.617934	0.382066	0.936345	0.063655
795430036	1000	101125	0.586826	0.413174	0.93988	0.0601202
795430036	1000	101126	0.612167	0.387833	0.934599	0.0654008
795430036	1000	101127	0.621514	0.378486	0.945783	0.0542169
795430036	1000	101128	0.637097	0.362903	0.924603	0.0753968
795430036	1000	101129	0.603846	0.396154	0.925	0.075
795430036	1000	101130	0.615854	0.384146	0.917323	0.0826772
795430036	1000	101131	0.61753	0.38247	0.913655	0.0863454
795430036	1000	101132	0.603586	0.396414	0.905622	0.0943775
795430036	1000	101133	0.609127	0.390873	0.91129	0.0887097
795430036	1000	101134	0.589796	0.410204	0.931373	0.0686275
795430036	1000	101135	0.584016	0.415984	0.943359	0.0566406
795430036	1000	101136	0.578	0.422	0.944	0.056
795430036	1000	101137	0.561845	0.438155	0.957935	0.042065
795430036	1000	101138	0.547862	0.452138	0.950884	0.0491159
795430036	1000	101139	0.551502	0.448498	0.947566	0.0524345
795430036	1000	101140	0.52834	0.47166	0.958498	0.041502
795430036	1000	101141	0.531313	0.468687	0.960396	0.039604
795430036	1000	101142	0.524691	0.475309	0.961089	0.0389105
795430036	1000	101143	0.534021	0.465979	0.957282	0.0427184
795430036	1000	101144	0.516505	0.483495	0.964948	0.0350515
795430036	1000	101145	0.498969	0.501031	0.980583	0.0194175
795430036	1000	101146	0.495127	0.504873	0.985626	0.0143737
795430036	1000	101147	0.505952	0.494048	0.985887	0.0141129
795430036	1000	101148	0.493776	0.506224	0.990347	0.00965251
795430036	1000	101149	0.453782	0.546218	0.990458	0.00954198
795430036	1000	101150	0.400402	0.599598	0.994036	0.00596421
795430036	1000	101151	0.405039	0.594961	0.987603	0.0123967
795430036	1000	101152	0.37406	0.62594	0.997863	0.00213675
795430036	1000	101153	0.324803	0.675197	1.0	0.0
795430036	1000	101154	0.354776	0.645224	1.0	0.0
795430036	1000	101155	0.365079	0.634921	1.0	0.0
795430036	1000	101156	0.373253	0.626747	1.0	0.0
795430036	1000	101157	0.374494	0.625506	1.0	0.0
795430036	1000	101158	0.430233	0.569767	1.0	0.0
795430036	1000	101159	0.412602	0.587398	1.0	0.0
795430036	1000	101160	0.375254	0.624746	1.0	0.0
795430036	1000	101161	0.350195	0.649805	1.0	0.0
795430036	1000	101162	0.353659	0.646341	1.0	0.0
795430036	1000	101163	0.335341	0.664659	1.0	0.0
795430036	1000	101164	0.319066	0.680934	1.0	0.0
795430036	1000	101165	0.313929	0.686071	1.0	0.0
795430036	1000	101166	0.331992	0.668008	1.0	0.0
795430036	1000	101167	0.335329	0.664671	1.0	0.0
795430036	1000	101168	0.325581	0.674419	1.0	0.0
795430036	1000	101169	0.320792	0.679208	1.0	0.0
795430036	1000	101170	0.308943	0.691057	1.0	0.0
795430036	1000	101171	0.316832	0.683168	1.0	0.0
795430036	1000	101172	0.295316	0.704684	1.0	0.0
795430036	1000	101173	0.281893	0.718107	1.0	0.0
795430036	1000	101174	0.260692	0.739308	1.0	0.0
795430036	1000	101175	0.266537	0.733463	1.0	0.0
795430036	1000	101176	0.245968	0.754032	1.0	0.0
795430036	1000	101177	0.269231	0.730769	1.0	0.0
795430036	1000	101178	0.263048	0.736952	1.0	0.0
795430036	1000	101179	0.248971	0.751029	1.0	0.0
795430036	1000	101180	0.266145	0.733855	1.0	0.0
795430036	1000	101181	0.307071	0.692929	1.0	0.0
795430036	1000	101182	0.321577	0.678423	1.0	0.0
795430036	1000	101183	0.304688	0.695312	1.0	0.0
795430036	1000	101184	0.299145	0.700855	1.0	0.0
795430036	1000	101185	0.300412	0.699588	1.0	0.0
795430036	1000	101186	0.290944	0.709056	1.0	0.0
795430036	1000	101187	0.345924	0.654076	1.0	0.0
795430036	1000	101188	0.362	0.638	1.0	0.0
795430036	1000	101189	0.406439	0.593561	1.0	0.0
795430036	1000	101190	0.39749	0.60251	1.0	0.0
795430036	1000	101191	0.355469	0.644531	1.0	0.0
795430036	1000	101192	0.394456	0.605544	1.0	0.0
795430036	1000	101193	0.388889	0.611111	1.0	0.0
795430036	1000	101194	0.406883	0.593117	1.0	0.0
795430036	1000	101195	0.437255	0.562745	1.0	0.0
795430036	1000	101196	0.454545	0.545455	1.0	0.0
795430036	1000	101197	0.480331	0.519669	1.0	0.0
795430036	1000	101198	0.488048	0.511952	1.0	0.0
795430036	1000	101199	0.435743	0.564257	1.0	0.0
795430036	1000	101200	0.419878	0.580122	1.0	0.0
795430036	1000	101201	0.42471	0.57529	1.0	0.0
795430036	1000	101202	0.425743	0.574257	1.0	0.0
795430036	1000	101203	0.416834	0.583166	1.0	0.0
795430036	1000	101204	0.435294	0.564706	1.0	0.0
795430036	1000	101205	0.490798	0.509202	1.0	0.0
795430036	1000	101206	0.48855	0.51145	1.0	0.0
795430036	1000	101207	0.503055	0.496945	1.0	0.0
795430036	1000	101208	0.534749	0.465251	1.0	0.0
795430036	1000	101209	0.494949	0.505051	1.0	0.0
795430036	1000	101210	0.492095	0.507905	1.0	0.0
795430036	1000	101211	0.507128	0.492872	1.0	0.0
795430036	1000	101212	0.503759	0.496241	1.0	0.0
795430036	1000	101213	0.495146	0.504854	1.0	0.0
795430036	1000	101214	0.512621	0.487379	1.0	0.0
795430036	1000	101215	0.516393	0.483607	1.0	0.0
795430036	1000	101216	0.521912	0.478088	1.0	0.0
795430036	1000	101217	0.538606	0.461394	1.0	0.0
795430036	1000	101218	0.541922	0.458078	1.0	0.0
795430036	1000	101219	0.561753	0.438247	1.0	0.0
795430036	1000	101220	0.571984	0.428016	1.0	0.0
795430036	1000	101221	0.601626	0.398374	1.0	0.0
795430036	1000	101222	0.608696	0.391304	1.0	0.0
795430036	1000	101223	0.597679	0.402321	1.0	0.0
795430036	1000	101224	0.621951	0.378049	1.0	0.0
795430036	1000	101225	0.581349	0.418651	1.0	0.0
795430036	1000	101226	0.565392	0.434608	1.0	0.0
795430036	1000	101227	0.54433	0.45567	1.0	0.0
795430036	1000	101228	0.547284	0.452716	1.0	0.0
795430036	1000	101229	0.580517	0.419483	1.0	0.0
795430036	1000	101230	0.568465	0.431535	1.0	0.0
795430036	1000	101231	0.553785	0.446215	1.0	0.0
795430036	1000	101232	0.584178	0.415822	1.0	0.0
795430036	1000	101233	0.576305	0.423695	1.0	0.0
795430036	1000	101234	0.562016	0.437984	1.0	0.0
795430036	1000	101235	0.520958	0.479042	1.0	0.0
795430036	1000	101236	0.541582	0.458418	1.0	0.0
795430036	1000	101237	0.530488	0.469512	1.0	0.0
795430036	1000	101238	0.549696	0.450304	1.0	0.0
795430036	1000	101239	0.563786	0.436214	1.0	0.0
795430036	1000	101240	0.536325	0.463675	1.0	0.0
795430036	1000	101241	0.55754	0.44246	1.0	0.0
795430036	1000	101242	0.583019	0.416981	1.0	0.0
795430036	1000	101243	0.625259	0.374741	1.0	0.0
795430036	1000	101244	0.57732	0.42268	1.0	0.0
795430036	1000	101245	0.580321	0.419679	1.0	0.0
795430036	1000	101246	0.560241	0.439759	1.0	0.0
795430036	1000	101247	0.539419	0.460581	1.0	0.0
795430036	1000	101248	0.522449	0.477551	1.0	0.0
795430036	1000	101249	0.527197	0.472803	1.0	0.0
795430036	1000	101250	0.539216	0.460784	1.0	0.0
795430036	1000	101251	0.511905	0.488095	1.0	0.0
795430036	1000	101252	0.52	0.48	1.0	0.0
795430036	1000	101253	0.504065	0.495935	1.0	0.0
795430036	1000	101254	0.463366	0.536634	1.0	0.0
795430036	1000	101255	0.473282	0.526718	1.0	0.0
795430036	1000	101256	0.450382	0.549618	1.0	0.0
795430036	1000	101257	0.42485	0.57515	1.0	0.0
795430036	1000	101258	0.449187	0.550813	1.0	0.0
795430036	1000	101259	0.473469	0.526531	1.0	0.0
795430036	1000	101260	0.482558	0.517442	1.0	0.0
795430036	1000	101261	0.447581	0.552419	1.0	0.0
795430036	1000	101262	0.435897	0.564103	1.0	0.0
795430036	1000	101263	0.442344	0.557656	1.0	0.0
795430036	1000	101264	0.477186	0.522814	1.0	0.0
795430036	1000	101265	0.488506	0.511494	1.0	0.0
795430036	1000	101266	0.479125	0.520875	1.0	0.0
795430036	1000	101267	0.463115	0.536885	1.0	0.0
795430036	1000	101268	0.488978	0.511022	1.0	0.0
795430036	1000	101269	0.470472	0.529528	1.0	0.0
795430036	1000	101270	0.48125	0.51875	1.0	0.0
795430036	1000	101271	0.507157	0.492843	1.0	0.0
795430036	1000	101272	0.514056	0.485944	1.0	0.0
795430036	1000	101273	0.497951	0.502049	1.0	0.0
795430036	1000	101274	0.487342	0.512658	1.0	0.0
795430036	1000	101275	0.474409	0.525591	1.0	0.0
795430036	1000	101276	0.486974	0.513026	1.0	0.0
795430036	1000	101277	0.507605	0.492395	1.0	0.0
795430036	1000	101278	0.519427	0.480573	1.0	0.0
795430036	1000	101279	0.565489	0.434511	1.0	0.0
795430036	1000	101280	0.560636	0.439364	1.0	0.0
795430036	1000	101281	0.56213	0.43787	1.0	0.0
795430036	1000	101282	0.565891	0.434109	1.0	0.0
795430036	1000	101283	0.568789	0.431211	1.0	0.0
795430036	1000	101284	0.558095	0.441905	1.0	0.0
795430036	1000	101285	0.558824	0.441176	1.0	0.0
795430036	1000	101286	0.550864	0.449136	1.0	0.0
795430036	1000	101287	0.567073	0.432927	1.0	0.0
795430036	1000	101288	0.576687	0.423313	1.0	0.0
795430036	1000	101289	0.602062	0.397938	1.0	0.0
795430036	1000	101290	0.584337	0.415663	1.0	0.0
795430036	1000	101291	0.60757	0.39243	1.0	0.0
795430036	1000	101292	0.585271	0.414729	1.0	0.0
795430036	1000	101293	0.608081	0.391919	1.0	0.0
795430036	1000	101294	0.607803	0.392197	1.0	0.0
795430036	1000	101295	0.590909	0.409091	1.0	0.0
795430036	1000	101296	0.553785	0.446215	1.0	0.0
795430036	1000	101297	0.573499	0.426501	1.0	0.0
795430036	1000	101298	0.567568	0.432432	1.0	0.0
795430036	1000	101299	0.55144	0.44856	1.0	0.0
795430036	1000	101300	0.57113	0.42887	1.0	0.0
795430036	1000	101301	0.571138	0.428862	1.0	0.0
795430036	1000	101302	0.575053	0.424947	1.0	0.0
795430036	1000	101303	0.570039	0.429961	1.0	0.0
795430036	1000	101304	0.575397	0.424603	1.0	0.0
795430036	1000	101305	0.544732	0.455268	1.0	0.0
795430036	1000	101306	0.556377	0.443623	1.0	0.0
795430036	1000	101307	0.518591	0.481409	1.0	0.0
795430036	1000	101308	0.537402	0.462598	1.0	0.0
795430036	1000	101309	0.536062	0.463938	1.0	0.0
795430036	1000	101310	0.518095	0.481905	1.0	0.0
795430036	1000	101311	0.501048	0.498952	1.0	0.0
795430036	1000	101312	0.50677	0.49323	1.0	0.0
795430036	1000	101313	0.540541	0.459459	1.0	0.0
795430036	1000	101314	0.564378	0.435622	1.0	0.0
795430036	1000	101315	0.55642	0.44358	1.0	0.0
795430036	1000	101316	0.562887	0.437113	1.0	0.0
795430036	1000	101317	0.499018	0.500982	1.0	0.0
795430036	1000	101318	0.531062	0.468938	1.0	0.0
795430036	1000	101319	0.532225	0.467775	1.0	0.0
795430036	1000	101320	0.548454	0.451546	1.0	0.0
795430036	1000	101321	0.543307	0.456693	1.0	0.0
795430036	1000	101322	0.545455	0.454545	1.0	0.0
795430036	1000	101323	0.521127	0.478873	1.0	0.0
795430036	1000	101324	0.531187	0.468813	1.0	0.0
795430036	1000	101325	0.54251	0.45749	1.0	0.0
795430036	1000	101326	0.543478	0.456522	1.0	0.0
795430036	1000	101327	0.548323	0.451677	1.0	0.0
795430036	1000	101328	0.525692	0.474308	1.0	0.0
795430036	1000	101329	0.53484	0.46516	1.0	0.0
795430036	1000	101330	0.530693	0.469307	1.0	0.0
795430036	1000	101331	0.537678	0.462322	1.0	0.0
795430036	1000	101332	0.540323	0.459677	1.0	0.0
795430036	1000	101333	0.522267	0.477733	1.0	0.0
795430036	1000	101334	0.497967	0.502033	1.0	0.0
795430036	1000	101335	0.478088	0.521912	1.0	0.0
795430036	1000	101336	0.462302	0.537698	1.0	0.0
795430036	1000	101337	0.463563	0.536437	1.0	0.0
795430036	1000	101338	0.483402	0.516598	1.0	0.0
795430036	1000	101339	0.461694	0.538306	1.0	0.0
795430036	1000	101340	0.441614	0.558386	1.0	0.0
795430036	1000	101341	0.462626	0.537374	1.0	0.0
795430036	1000	101342	0.462151	0.537849	1.0	0.0
795430036	1000	101343	0.481188	0.518812	1.0	0.0
795430036	1000	101344	0.466281	0.533719	1.0	0.0
795430036	1000	101345	0.474895	0.525105	1.0	0.0
795430036	1000	101346	0.478873	0.521127	1.0	0.0
795430036	1000	101347	0.517717	0.482283	1.0	0.0
795430036	1000	101348	0.544762	0.455238	1.0	0.0
795430036	1000	101349	0.548857	0.451143	1.0	0.0
795430036	1000	101350	0.517526	0.482474	1.0	0.0
795430036	1000	101351	0.517034	0.482966	1.0	0.0
795430036	1000	101352	0.519455	0.480545	1.0	0.0
795430036	1000	101353	0.518	0.482	1.0	0.0
795430036	1000	101354	0.497099	0.502901	1.0	0.0
795430036	1000	101355	0.498054	0.501946	1.0	0.0
795430036	1000	101356	0.479592	0.520408	1.0	0.0
795430036	1000	101357	0.450549	0.549451	1.0	0.0
795430036	1000	101358	0.459144	0.540856	1.0	0.0
795430036	1000	101359	0.441558	0.558442	1.0	0.0
795430036	1000	101360	0.420319	0.579681	1.0	0.0
795430036	1000	101361	0.418972	0.581028	1.0	0.0
795430036	1000	101362	0.388548	0.611452	1.0	0.0
795430036	1000	101363	0.375242	0.624758	1.0	0.0
795430036	1000	101364	0.353755	0.646245	1.0	0.0
795430036	1000	101365	0.376726	0.623274	1.0	0.0
795430036	1000	101366	0.367983	0.632017	1.0	0.0
795430036	1000	101367	0.364754	0.635246	1.0	0.0
795430036	1000	101368	0.368627	0.631373	1.0	0.0
795430036	1000	101369	0.394251	0.605749	1.0	0.0
795430036	1000	101370	0.40198	0.59802	1.0	0.0
795430036	1000	101371	0.374737	0.625263	1.0	0.0
795430036	1000	101372	0.385932	0.614068	1.0	0.0
795430036	1000	101373	0.385892	0.614108	1.0	0.0
795430036	1000	101374	0.407767	0.592233	1.0	0.0
795430036	1000	101375	0.390873	0.609127	1.0	0.0
795430036	1000	101376	0.402414	0.597586	1.0	0.0
795430036	1000	101377	0.43	0.57	1.0	0.0
795430036	1000	101378	0.460417	0.539583	1.0	0.0
795430036	1000	101379	0.51626	0.48374	1.0	0.0
795430036	1000	101380	0.501022	0.498978	1.0	0.0
795430036	1000	101381	0.488978	0.511022	1.0	0.0
795430036	1000	101382	0.451362	0.548638	1.0	0.0
795430036	1000	101383	0.43254	0.56746	1.0	0.0
795430036	1000	101384	0.414784	0.585216	1.0	0.0
795430036	1000	101385	0.40275	0.59725	1.0	0.0
795430036	1000	101386	0.424419	0.575581	1.0	0.0
795430036	1000	101387	0.444664	0.555336	1.0	0.0
795430036	1000	101388	0.446429	0.553571	1.0	0.0
795430036	1000	101389	0.474806	0.525194	1.0	0.0
795430036	1000	101390	0.482213	0.517787	1.0	0.0
795430036	1000	101391	0.474333	0.525667	1.0	0.0
795430036	1000	101392	0.500949	0.499051	1.0	0.0
795430036	1000	101393	0.503891	0.496109	1.0	0.0
795430036	1000	101394	0.522954	0.477046	1.0	0.0
795430036	1000	101395	0.53527	0.46473	1.0	0.0
795430036	1000	101396	0.544715	0.455285	1.0	0.0
795430036	1000	101397	0.519669	0.480331	1.0	0.0
795430036	1000	101398	0.518812	0.481188	1.0	0.0
795430036	1000	101399	0.517442	0.482558	1.0	0.0
795430036	1000	101400	0.51875	0.48125	1.0	0.0
795430036	1000	101401	0.502024	0.497976	1.0	0.0
795430036	1000	101402	0.513238	0.486762	1.0	0.0
795430036	1000	101403	0.475728	0.524272	1.0	0.0
795430036	1000	101404	0.430799	0.569201	1.0	0.0
795430036	1000	101405	0.400835	0.599165	1.0	0.0
795430036	1000	101406	0.424051	0.575949	1.0	0.0
795430036	1000	101407	0.401186	0.598814	1.0	0.0
795430036	1000	101408	0.390041	0.609959	1.0	0.0
795430036	1000	101409	0.349794	0.650206	1.0	0.0
795430036	1000	101410	0.348337	0.651663	1.0	0.0
795430036	1000	101411	0.339545	0.660455	1.0	0.0
795430036	1000	101412	0.33	0.67	1.0	0.0
795430036	1000	101413	0.337349	0.662651	1.0	0.0
795430036	1000	101414	0.342052	0.657948	1.0	0.0
795430036	1000	101415	0.376518	0.623482	1.0	0.0
795430036	1000	101416	0.366953	0.633047	1.0	0.0
795430036	1000	101417	0.393281	0.606719	1.0	0.0
795430036	1000	101418	0.379242	0.620758	1.0	0.0
795430036	1000	101419	0.359918	0.640082	1.0	0.0
795430036	1000	101420	0.3286	0.6714	1.0	0.0
795430036	1000	101421	0.324597	0.675403	1.0	0.0
795430036	1000	101422	0.304688	0.695312	1.0	0.0
795430036	1000	101423	0.306773	0.693227	1.0	0.0
795430036	1000	101424	0.298113	0.701887	1.0	0.0
795430036	1000	101425	0.29666	0.70334	1.0	0.0
795430036	1000	101426	0.313253	0.686747	1.0	0.0
795430036	1000	101427	0.31384	0.68616	1.0	0.0
795430036	1000	101428	0.306613	0.693387	1.0	0.0
795430036	1000	101429	0.298597	0.701403	1.0	0.0
795430036	1000	101430	0.357895	0.642105	1.0	0.0
795430036	1000	101431	0.356436	0.643564	1.0	0.0
795430036	1000	101432	0.354331	0.645669	1.0	0.0
795430036	1000	101433	0.376726	0.623274	1.0	0.0
795430036	1000	101434	0.403131	0.596869	1.0	0.0
795430036	1000	101435	0.396	0.604	1.0	0.0
795430036	1000	101436	0.379877	0.620123	1.0	0.0
795430036	1000	101437	0.370518	0.629482	1.0	0.0
795430036	1000	101438	0.378758	0.621242	1.0	0.0
795430036	1000	101439	0.390688	0.609312	1.0	0.0
795430036	1000	101440	0.40159	0.59841	1.0	0.0
795430036	1000	101441	0.403805	0.596195	1.0	0.0
795430036	1000	101442	0.417671	0.582329	1.0	0.0
795430036	1000	101443	0.372709	0.627291	1.0	0.0
795430036	1000	101444	0.370656	0.629344	1.0	0.0
795430036	1000	101445	0.358209	0.641791	1.0	0.0
795430036	1000	101446	0.314885	0.685115	1.0	0.0
795430036	1000	101447	0.304519	0.695481	1.0	0.0
795430036	1000	101448	0.355212	0.644788	1.0	0.0
795430036	1000	101449	0.357006	0.642994	1.0	0.0
795430036	1000	101450	0.319756	0.680244	1.0	0.0
795430036	1000	101451	0.320408	0.679592	1.0	0.0
795430036	1000	101452	0.374046	0.625954	1.0	0.0
795430036	1000	101453	0.374502	0.625498	1.0	0.0
795430036	1000	101454	0.375	0.625	1.0	0.0
795430036	1000	101455	0.319838	0.680162	1.0	0.0
795430036	1000	101456	0.310559	0.689441	1.0	0.0
795430036	1000	101457	0.290123	0.709877	1.0	0.0
795430036	1000	101458	0.296524	0.703476	1.0	0.0
795430036	1000	101459	0.292871	0.707129	1.0	0.0
795430036	1000	101460	0.263261	0.736739	1.0	0.0
795430036	1000	101461	0.21576	0.78424	1.0	0.0
795430036	1000	101462	0.204198	0.795802	1.0	0.0
795430036	1000	101463	0.232514	0.767486	1.0	0.0
795430036	1000	101464	0.220648	0.779352	1.0	0.0
795430036	1000	101465	0.212679	0.787321	1.0	0.0
795430036	1000	101466	0.184739	0.815261	1.0	0.0
795430036	1000	101467	0.163743	0.836257	1.0	0.0
795430036	1000	101468	0.164271	0.835729	1.0	0.0
795430036	1000	101469	0.16875	0.83125	1.0	0.0
795430036	1000	101470	0.175781	0.824219	1.0	0.0
795430036	1000	101471	0.196319	0.803681	1.0	0.0
795430036	1000	101472	0.1875	0.8125	1.0	0.0
795430036	1000	101473	0.20078	0.79922	1.0	0.0
795430036	1000	101474	0.201183	0.798817	1.0	0.0
795430036	1000	101475	0.192389	0.807611	1.0	0.0
795430036	1000	101476	0.202041	0.797959	1.0	0.0
795430036	1000	101477	0.213462	0.786538	1.0	0.0
795430036	1000	101478	0.244259	0.755741	1.0	0.0
795430036	1000	101479	0.272912	0.727088	1.0	0.0
795430036	1000	101480	0.307692	0.692308	1.0	0.0
795430036	1000	101481	0.341365	0.658635	1.0	0.0
795430036	1000	101482	0.302605	0.697395	1.0	0.0
795430036	1000	101483	0.295858	0.704142	1.0	0.0
795430036	1000	101484	0.279693	0.720307	1.0	0.0
795430036	1000	101485	0.263374	0.736626	1.0	0.0
795430036	1000	101486	0.247104	0.752896	1.0	0.0
795430036	1000	101487	0.231707	0.768293	1.0	0.0
795430036	1000	101488	0.210744	0.789256	1.0	0.0
795430036	1000	101489	0.204322	0.795678	1.0	0.0
795430036	1000	101490	0.184615	0.815385	1.0	0.0
795430036	1000	101491	0.178054	0.821946	1.0	0.0
795430036	1000	101492	0.178862	0.821138	1.0	0.0
795430036	1000	101493	0.182556	0.817444	1.0	0.0
795430036	1000	101494	0.182692	0.817308	1.0	0.0
795430036	1000	101495	0.203666	0.796334	1.0	0.0
795430036	1000	101496	0.200837	0.799163	1.0	0.0
795430036	1000	101497	0.219008	0.780992	1.0	0.0
795430036	1000	101498	0.238447	0.761553	1.0	0.0
795430036	1000	101499	0.262397	0.737603	1.0	0.0
795430036	1000	101500	0.23622	0.76378	1.0	0.0
795430036	1000	101501	0.225049	0.774951	1.0	0.0
795430036	1000	101502	0.265655	0.734345	1.0	0.0
795430036	1000	101503	0.224206	0.775794	1.0	0.0
795430036	1000	101504	0.225152	0.774848	1.0	0.0
795430036	1000	101505	0.262425	0.737575	1.0	0.0
795430036	1000	101506	0.284351	0.715649	1.0	0.0
795430036	1000	101507	0.303719	0.696281	1.0	0.0
795430036	1000	101508	0.269598	0.730402	1.0	0.0
795430036	1000	101509	0.241715	0.758285	1.0	0.0
795430036	1000	101510	0.22288	0.77712	1.0	0.0
795430036	1000	101511	0.231638	0.768362	1.0	0.0
795430036	1000	101512	0.199616	0.800384	1.0	0.0
795430036	1000	101513	0.21165	0.78835	1.0	0.0
795430036	1000	101514	0.217573	0.782427	1.0	0.0
795430036	1000	101515	0.199234	0.800766	1.0	0.0
795430036	1000	101516	0.176471	0.823529	1.0	0.0
795430036	1000	101517	0.161736	0.838264	1.0	0.0
795430036	1000	101518	0.154959	0.845041	1.0	0.0
795430036	1000	101519	0.155206	0.844794	1.0	0.0
795430036	1000	101520	0.157787	0.842213	1.0	0.0
795430036	1000	101521	0.187621	0.812379	1.0	0.0
795430036	1000	101522	0.203557	0.796443	1.0	0.0
795430036	1000	101523	0.208163	0.791837	1.0	0.0
795430036	1000	101524	0.233471	0.766529	1.0	0.0
795430036	1000	101525	0.204868	0.795132	1.0	0.0
795430036	1000	101526	0.221797	0.778203	1.0	0.0
795430036	1000	101527	0.226488	0.773512	1.0	0.0
795430036	1000	101528	0.280534	0.719466	1.0	0.0
795430036	1000	101529	0.278752	0.721248	1.0	0.0
795430036	1000	101530	0.26327	0.73673	1.0	0.0
795430036	1000	101531	0.263692	0.736308	1.0	0.0
795430036	1000	101532	0.220703	0.779297	1.0	0.0
795430036	1000	101533	0.243513	0.756487	1.0	0.0
795430036	1000	101534	0.215415	0.784585	1.0	0.0
795430036	1000	101535	0.176245	0.823755	1.0	0.0
795430036	1000	101536	0.168067	0.831933	1.0	0.0
795430036	1000	101537	0.163776	0.836224	1.0	0.0
795430036	1000	101538	0.159596	0.840404	1.0	0.0
795430036	1000	101539	0.167006	0.832994	1.0	0.0
795430036	1000	101540	0.187123	0.812877	1.0	0.0
795430036	1000	101541	0.200401	0.799599	1.0	0.0
795430036	1000	101542	0.214859	0.785141	1.0	0.0
795430036	1000	101543	0.213592	0.786408	1.0	0.0
795430036	1000	101544	0.226306	0.773694	1.0	0.0
795430036	1000	101545	0.204409	0.795591	1.0	0.0
795430036	1000	101546	0.245136	0.754864	1.0	0.0
795430036	1000	101547	0.263158	0.736842	1.0	0.0
795430036	1000	101548	0.256809	0.743191	1.0	0.0
795430036	1000	101549	0.231358	0.768642	1.0	0.0
795430036	1000	101550	0.227642	0.772358	1.0	0.0
795430036	1000	101551	0.235294	0.764706	1.0	0.0
795430036	1000	101552	0.221116	0.778884	1.0	0.0
795430036	1000	101553	0.235067	0.764933	1.0	0.0
795430036	1000	101554	0.228632	0.771368	1.0	0.0
795430036	1000	101555	0.234343	0.765657	1.0	0.0
795430036	1000	101556	0.198039	0.801961	1.0	0.0
795430036	1000	101557	0.195609	0.804391	1.0	0.0
795430036	1000	101558	0.192946	0.807054	1.0	0.0
795430036	1000	101559	0.204322	0.795678	1.0	0.0
795430036	1000	101560	0.186916	0.813084	1.0	0.0
795430036	1000	101561	0.190381	0.809619	1.0	0.0
795430036	1000	101562	0.213415	0.786585	1.0	0.0
795430036	1000	101563	0.2079	0.7921	1.0	0.0
795430036	1000	101564	0.191205	0.808795	1.0	0.0
795430036	1000	101565	0.206	0.794	1.0	0.0
795430036	1000	101566	0.191268	0.808732	1.0	0.0
795430036	1000	101567	0.171815	0.828185	1.0	0.0
795430036	1000	101568	0.167984	0.832016	1.0	0.0
795430036	1000	101569	0.147705	0.852295	1.0	0.0
795430036	1000	101570	0.134021	0.865979	1.0	0.0
795430036	1000	101571	0.178794	0.821206	1.0	0.0
795430036	1000	101572	0.188976	0.811024	1.0	0.0
795430036	1000	101573	0.167002	0.832998	1.0	0.0
795430036	1000	101574	0.183099	0.816901	1.0	0.0
795430036	1000	101575	0.181644	0.818356	1.0	0.0
795430036	1000	101576	0.184049	0.815951	1.0	0.0
795430036	1000	101577	0.227181	0.772819	1.0	0.0
795430036	1000	101578	0.218504	0.781496	1.0	0.0
795430036	1000	101579	0.215415	0.784585	1.0	0.0
795430036	1000	101580	0.207767	0.792233	1.0	0.0
795430036	1000	101581	0.229412	0.770588	1.0	0.0
795430036	1000	101582	0.250509	0.749491	1.0	0.0
795430036	1000	101583	0.238095	0.761905	1.0	0.0
795430036	1000	101584	0.259794	0.740206	1.0	0.0
795430036	1000	101585	0.259962	0.740038	1.0	0.0
795430036	1000	101586	0.259921	0.740079	1.0	0.0
795430036	1000	101587	0.251559	0.748441	1.0	0.0
795430036	1000	101588	0.265504	0.734496	1.0	0.0
795430036	1000	101589	0.262548	0.737452	1.0	0.0
795430036	1000	101590	0.231373	0.768627	1.0	0.0
795430036	1000	101591	0.221996	0.778004	1.0	0.0
795430036	1000	101592	0.209256	0.790744	1.0	0.0
795430036	1000	101593	0.206349	0.793651	1.0	0.0
795430036	1000	101594	0.233546	0.766454	1.0	0.0
795430036	1000	101595	0.260536	0.739464	1.0	0.0
795430036	1000	101596	0.274704	0.725296	1.0	0.0
795430036	1000	101597	0.245361	0.754639	1.0	0.0
795430036	1000	101598	0.263158	0.736842	1.0	0.0
795430036	1000	101599	0.279261	0.720739	1.0	0.0
795430036	1000	101600	0.267823	0.732177	1.0	0.0
795430036	1000	101601	0.242857	0.757143	1.0	0.0
795430036	1000	101602	0.26506	0.73494	1.0	0.0
795430036	1000	101603	0.264822	0.735178	1.0	0.0
795430036	1000	101604	0.286299	0.713701	1.0	0.0
795430036	1000	101605	0.269777	0.730223	1.0	0.0
795430036	1000	101606	0.269618	0.730382	1.0	0.0
795430036	1000	101607	0.285714	0.714286	1.0	0.0
795430036	1000	101608	0.280488	0.719512	1.0	0.0
795430036	1000	101609	0.219124	0.780876	1.0	0.0
795430036	1000	101610	0.214	0.786	1.0	0.0
795430036	1000	101611	0.240404	0.759596	1.0	0.0
795430036	1000	101612	0.243902	0.756098	1.0	0.0
795430036	1000	101613	0.256148	0.743852	1.0	0.0
795430036	1000	101614	0.248544	0.751456	1.0	0.0
795430036	1000	101615	0.239766	0.760234	1.0	0.0
795430036	1000	101616	0.25102	0.74898	1.0	0.0
795430036	1000	101617	0.253493	0.746507	1.0	0.0
795430036	1000	101618	0.254826	0.745174	1.0	0.0
795430036	1000	101619	0.263158	0.736842	1.0	0.0
795430036	1000	101620	0.23913	0.76087	1.0	0.0
795430036	1000	101621	0.253036	0.746964	1.0	0.0
795430036	1000	101622	0.266537	0.733463	1.0	0.0
795430036	1000	101623	0.305835	0.694165	1.0	0.0
795430036	1000	101624	0.305785	0.694215	1.0	0.0
795430036	1000	101625	0.311508	0.688492	1.0	0.0
795430036	1000	101626	0.330645	0.669355	1.0	0.0
795430036	1000	101627	0.358779	0.641221	1.0	0.0
795430036	1000	101628	0.361277	0.638723	1.0	0.0
795430036	1000	101629	0.349495	0.650505	1.0	0.0
795430036	1000	101630	0.352083	0.647917	1.0	0.0
795430036	1000	101631	0.360558	0.639442	1.0	0.0
795430036	1000	101632	0.360082	0.639918	1.0	0.0
795430036	1000	101633	0.343811	0.656189	1.0	0.0
795430036	1000	101634	0.343936	0.656064	1.0	0.0
795430036	1000	101635	0.365169	0.634831	1.0	0.0
795430036	1000	101636	0.356846	0.643154	1.0	0.0
795430036	1000	101637	0.365613	0.634387	1.0	0.0
795430036	1000	101638	0.372671	0.627329	1.0	0.0
795430036	1000	101639	0.385396	0.614604	1.0	0.0
795430036	1000	101640	0.398	0.602	1.0	0.0
795430036	1000	101641	0.384766	0.615234	1.0	0.0
795430036	1000	101642	0.355556	0.644444	1.0	0.0
795430036	1000	101643	0.316406	0.683594	1.0	0.0
795430036	1000	101644	0.274	0.726	1.0	0.0
795430036	1000	101645	0.273109	0.726891	1.0	0.0
795430036	1000	101646	0.256148	0.743852	1.0	0.0
795430036	1000	101647	0.285714	0.714286	1.0	0.0
795430036	1000	101648	0.272177	0.727823	1.0	0.0
795430036	1000	101649	0.303846	0.696154	1.0	0.0
795430036	1000	101650	0.274704	0.725296	1.0	0.0
795430036	1000	101651	0.304688	0.695312	1.0	0.0
795430036	1000	101652	0.281513	0.718487	1.0	0.0
795430036	1000	101653	0.280156	0.719844	1.0	0.0
795430036	1000	101654	0.304255	0.695745	1.0	0.0
795430036	1000	101655	0.320866	0.679134	1.0	0.0
795430036	1000	101656	0.303279	0.696721	1.0	0.0
795430036	1000	101657	0.292181	0.707819	1.0	0.0
795430036	1000	101658	0.309771	0.690229	1.0	0.0
795430036	1000	101659	0.310127	0.689873	1.0	0.0
795430036	1000	101660	0.289827	0.710173	1.0	0.0
795430036	1000	101661	0.280488	0.719512	1.0	0.0
795430036	1000	101662	0.237721	0.762279	1.0	0.0
795430036	1000	101663	0.241176	0.758824	1.0	0.0
795430036	1000	101664	0.269231	0.730769	1.0	0.0
795430036	1000	101665	0.286885	0.713115	1.0	0.0
795430036	1000	101666	0.283401	0.716599	1.0	0.0
795430036	1000	101667	0.283333	0.716667	1.0	0.0
795430036	1000	101668	0.272727	0.727273	1.0	0.0
795430036	1000	101669	0.268714	0.731286	1.0	0.0
795430036	1000	101670	0.269006	0.730994	1.0	0.0
795430036	1000	101671	0.253061	0.746939	1.0	0.0
795430036	1000	101672	0.23614	0.76386	1.0	0.0
795430036	1000	101673	0.228571	0.771429	1.0	0.0
795430036	1000	101674	0.21174	0.78826	1.0	0.0
795430036	1000	101675	0.234252	0.765748	1.0	0.0
795430036	1000	101676	0.208251	0.791749	1.0	0.0
795430036	1000	101677	0.201961	0.798039	1.0	0.0
795430036	1000	101678	0.210019	0.789981	1.0	0.0
795430036	1000	101679	0.203095	0.796905	1.0	0.0
795430036	1000	101680	0.213358	0.786642	1.0	0.0
795430036	1000	101681	0.222008	0.777992	1.0	0.0
795430036	1000	101682	0.225681	0.774319	1.0	0.0
795430036	1000	101683	0.266925	0.733075	1.0	0.0
795430036	1000	101684	0.289823	0.710177	1.0	0.0
795430036	1000	101685	0.281633	0.718367	1.0	0.0
795430036	1000	101686	0.304703	0.695297	1.0	0.0
795430036	1000	101687	0.329939	0.670061	1.0	0.0
795430036	1000	101688	0.311765	0.688235	1.0	0.0
795430036	1000	101689	0.333996	0.666004	1.0	0.0
795430036	1000	101690	0.32449	0.67551	1.0	0.0
795430036	1000	101691	0.334	0.666	1.0	0.0
795430036	1000	101692	0.326044	0.673956	1.0	0.0
795430036	1000	101693	0.317269	0.682731	1.0	0.0
795430036	1000	101694	0.273092	0.726908	1.0	0.0
795430036	1000	101695	0.29505	0.70495	1.0	0.0
795430036	1000	101696	0.29899	0.70101	1.0	0.0
795430036	1000	101697	0.294118	0.705882	1.0	0.0
795430036	1000	101698	0.310127	0.689873	1.0	0.0
795430036	1000	101699	0.328032	0.671968	1.0	0.0
795430036	1000	101700	0.332	0.668	1.0	0.0
795430036	1000	101701	0.330059	0.669941	1.0	0.0
795430036	1000	101702	0.331349	0.668651	1.0	0.0
795430036	1000	101703	0.294695	0.705305	1.0	0.0
795430036	1000	101704	0.289272	0.710728	1.0	0.0
795430036	1000	101705	0.252354	0.747646	1.0	0.0
795430036	1000	101706	0.254826	0.745174	1.0	0.0
795430036	1000	101707	0.24165	0.75835	1.0	0.0
795430036	1000	101708	0.26569	0.73431	1.0	0.0
795430036	1000	101709	0.238748	0.761252	1.0	0.0
795430036	1000	101710	0.237052	0.762948	1.0	0.0
795430036	1000	101711	0.243028	0.756972	1.0	0.0
795430036	1000	101712	0.240631	0.759369	1.0	0.0
795430036	1000	101713	0.239175	0.760825	1.0	0.0
795430036	1000	101714	0.237154	0.762846	1.0	0.0
795430036	1000	101715	0.242485	0.757515	1.0	0.0
795430036	1000	101716	0.240631	0.759369	1.0	0.0
795430036	1000	101717	0.224033	0.775967	1.0	0.0
795430036	1000	101718	0.221545	0.778455	1.0	0.0
795430036	1000	101719	0.21328	0.78672	1.0	0.0
795430036	1000	101720	0.226891	0.773109	1.0	0.0
795430036	1000	101721	0.227926	0.772074	1.0	0.0
795430036	1000	101722	0.236842	0.763158	1.0	0.0
795430036	1000	101723	0.269461	0.730539	1.0	0.0
795430036	1000	101724	0.268859	0.731141	1.0	0.0
795430036	1000	101725	0.273267	0.726733	1.0	0.0
795430036	1000	101726	0.238683	0.761317	1.0	0.0
795430036	1000	101727	0.242188	0.757812	1.0	0.0
795430036	1000	101728	0.261603	0.738397	1.0	0.0
795430036	1000	101729	0.279762	0.720238	1.0	0.0
795430036	1000	101730	0.267308	0.732692	1.0	0.0
795430036	1000	101731	0.268627	0.731373	1.0	0.0
795430036	1000	101732	0.272541	0.727459	1.0	0.0
795430036	1000	101733	0.29918	0.70082	1.0	0.0
795430036	1000	101734	0.273834	0.726166	1.0	0.0
795430036	1000	101735	0.23506	0.76494	1.0	0.0
795430036	1000	101736	0.264188	0.735812	1.0	0.0
795430036	1000	101737	0.252988	0.747012	1.0	0.0
795430036	1000	101738	0.254335	0.745665	1.0	0.0
795430036	1000	101739	0.255578	0.744422	1.0	0.0
795430036	1000	101740	0.297593	0.702407	1.0	0.0
795430036	1000	101741	0.335317	0.664683	1.0	0.0
795430036	1000	101742	0.363636	0.636364	1.0	0.0
795430036	1000	101743	0.335938	0.664062	1.0	0.0
795430036	1000	101744	0.336735	0.663265	1.0	0.0
795430036	1000	101745	0.312621	0.687379	1.0	0.0
795430036	1000	101746	0.287726	0.712274	1.0	0.0
795430036	1000	101747	0.320641	0.679359	1.0	0.0
795430036	1000	101748	0.319192	0.680808	1.0	0.0
795430036	1000	101749	0.331288	0.668712	1.0	0.0
795430036	1000	101750	0.313883	0.686117	1.0	0.0
795430036	1000	101751	0.346	0.654	1.0	0.0
795430036	1000	101752	0.372549	0.627451	1.0	0.0
795430036	1000	101753	0.346856	0.653144	1.0	0.0
795430036	1000	101754	0.360078	0.639922	1.0	0.0
795430036	1000	101755	0.340336	0.659664	1.0	0.0
795430036	1000	101756	0.322382	0.677618	1.0	0.0
795430036	1000	101757	0.29878	0.70122	1.0	0.0
795430036	1000	101758	0.294606	0.705394	1.0	0.0
795430036	1000	101759	0.330709	0.669291	1.0	0.0
795430036	1000	101760	0.32681	0.67319	1.0	0.0
795430036	1000	101761	0.313688	0.686312	1.0	0.0
795430036	1000	101762	0.322068	0.677932	1.0	0.0
795430036	1000	101763	0.311069	0.688931	1.0	0.0
795430036	1000	101764	0.357759	0.642241	1.0	0.0
795430036	1000	101765	0.357724	0.642276	1.0	0.0
795430036	1000	101766	0.364991	0.635009	1.0	0.0
795430036	1000	101767	0.394477	0.605523	1.0	0.0
795430036	1000	101768	0.40873	0.59127	1.0	0.0
795430036	1000	101769	0.415507	0.584493	1.0	0.0
795430036	1000	101770	0.415842	0.584158	1.0	0.0
795430036	1000	101771	0.416185	0.583815	1.0	0.0
795430036	1000	101772	0.389635	0.610365	1.0	0.0
795430036	1000	101773	0.379098	0.620902	1.0	0.0
795430036	1000	101774	0.382591	0.617409	1.0	0.0
795430036	1000	101775	0.396078	0.603922	1.0	0.0
795430036	1000	101776	0.404517	0.595483	1.0	0.0
795430036	1000	101777	0.39645	0.60355	1.0	0.0
795430036	1000	101778	0.404472	0.595528	1.0	0.0
795430036	1000	101779	0.385214	0.614786	1.0	0.0
795430036	1000	101780	0.383621	0.616379	1.0	0.0
795430036	1000	101781	0.383877	0.616123	1.0	0.0
795430036	1000	101782	0.378218	0.621782	1.0	0.0
795430036	1000	101783	0.360656	0.639344	1.0	0.0
795430036	1000	101784	0.38833	0.61167	1.0	0.0
795430036	1000	101785	0.382643	0.617357	1.0	0.0
795430036	1000	101786	0.378119	0.621881	1.0	0.0
795430036	1000	101787	0.397436	0.602564	1.0	0.0
795430036	1000	101788	0.373967	0.626033	1.0	0.0
795430036	1000	101789	0.400826	0.599174	1.0	0.0
795430036	1000	101790	0.416335	0.583665	1.0	0.0
795430036	1000	101791	0.393509	0.606491	1.0	0.0
795430036	1000	101792	0.409639	0.590361	1.0	0.0
795430036	1000	101793	0.41502	0.58498	1.0	0.0
795430036	1000	101794	0.385686	0.614314	1.0	0.0
795430036	1000	101795	0.385338	0.614662	1.0	0.0
795430036	1000	101796	0.402863	0.597137	1.0	0.0
795430036	1000	101797	0.395161	0.604839	1.0	0.0
795430036	1000	101798	0.426	0.574	1.0	0.0
795430036	1000	101799	0.40519	0.59481	1.0	0.0
795430036	1000	101800	0.407098	0.592902	1.0	0.0
795430036	1000	101801	0.390295	0.609705	1.0	0.0
795430036	1000	101802	0.392927	0.607073	1.0	0.0
795430036	1000	101803	0.410405	0.589595	1.0	0.0
795430036	1000	101804	0.427984	0.572016	1.0	0.0
795430036	1000	101805	0.374269	0.625731	1.0	0.0
795430036	1000	101806	0.3659	0.6341	1.0	0.0
795430036	1000	101807	0.387879	0.612121	1.0	0.0
795430036	1000	101808	0.36166	0.63834	1.0	0.0
795430036	1000	101809	0.33892	0.66108	1.0	0.0
795430036	1000	101810	0.329876	0.670124	1.0	0.0
795430036	1000	101811	0.319527	0.680473	1.0	0.0
795430036	1000	101812	0.320084	0.679916	1.0	0.0
795430036	1000	101813	0.333333	0.666667	1.0	0.0
795430036	1000	101814	0.348606	0.651394	1.0	0.0
795430036	1000	101815	0.350701	0.649299	1.0	0.0
795430036	1000	101816	0.370221	0.629779	1.0	0.0
795430036	1000	101817	0.338742	0.661258	1.0	0.0
795430036	1000	101818	0.311871	0.688129	1.0	0.0
795430036	1000	101819	0.297468	0.702532	1.0	0.0
795430036	1000	101820	0.333333	0.666667	1.0	0.0
795430036	1000	101821	0.339468	0.660532	1.0	0.0
795430036	1000	101822	0.322645	0.677355	1.0	0.0
795430036	1000	101823	0.301741	0.698259	1.0	0.0
795430036	1000	101824	0.317073	0.682927	1.0	0.0
795430036	1000	101825	0.336653	0.663347	1.0	0.0
795430036	1000	101826	0.355599	0.644401	1.0	0.0
795430036	1000	101827	0.341847	0.658153	1.0	0.0
795430036	1000	101828	0.319018	0.680982	1.0	0.0
795430036	1000	101829	0.310547	0.689453	1.0	0.0
795430036	1000	101830	0.288802	0.711198	1.0	0.0
795430036	1000	101831	0.257202	0.742798	1.0	0.0
795430036	1000	101832	0.274747	0.725253	1.0	0.0
795430036	1000	101833	0.294715	0.705285	1.0	0.0
795430036	1000	101834	0.296512	0.703488	1.0	0.0
795430036	1000	101835	0.290875	0.709125	1.0	0.0
795430036	1000	101836	0.297131	0.702869	1.0	0.0
795430036	1000	101837	0.280412	0.719588	1.0	0.0
795430036	1000	101838	0.278	0.722	1.0	0.0
795430036	1000	101839	0.27451	0.72549	1.0	0.0
795430036	1000	101840	0.242545	0.757455	1.0	0.0
795430036	1000	101841	0.225743	0.774257	1.0	0.0
795430036	1000	101842	0.233522	0.766478	1.0	0.0
795430036	1000	101843	0.24031	0.75969	1.0	0.0
795430036	1000	101844	0.226824	0.773176	1.0	0.0
795430036	1000	101845	0.226453	0.773547	1.0	0.0
795430036	1000	101846	0.243354	0.756646	1.0	0.0
795430036	1000	101847	0.227823	0.772177	1.0	0.0
795430036	1000	101848	0.259332	0.740668	1.0	0.0
795430036	1000	101849	0.264957	0.735043	1.0	0.0
795430036	1000	101850	0.249027	0.750973	1.0	0.0
795430036	1000	101851	0.249505	0.750495	1.0	0.0
795430036	1000	101852	0.21281	0.78719	1.0	0.0
795430036	1000	101853	0.216327	0.783673	1.0	0.0
795430036	1000	101854	0.223092	0.776908	1.0	0.0
795430036	1000	101855	0.245211	0.754789	1.0	0.0
795430036	1000	101856	0.232932	0.767068	1.0	0.0
795430036	1000	101857	0.226069	0.773931	1.0	0.0
795430036	1000	101858	0.231939	0.768061	1.0	0.0
795430036	1000	101859	0.220077	0.779923	1.0	0.0
795430036	1000	101860	0.237052	0.762948	1.0	0.0
795430036	1000	101861	0.239754	0.760246	1.0	0.0
795430036	1000	101862	0.256809	0.743191	1.0	0.0
795430036	1000	101863	0.258333	0.741667	1.0	0.0
795430036	1000	101864	0.242363	0.757637	1.0	0.0
795430036	1000	101865	0.230461	0.769539	1.0	0.0
795430036	1000	101866	0.230303	0.769697	1.0	0.0
795430036	1000	101867	0.247544	0.752456	1.0	0.0
795430036	1000	101868	0.267606	0.732394	1.0	0.0
795430036	1000	101869	0.285451	0.714549	1.0	0.0
795430036	1000	101870	0.282474	0.717526	1.0	0.0
795430036	1000	101871	0.290766	0.709234	1.0	0.0
795430036	1000	101872	0.319588	0.680412	1.0	0.0
795430036	1000	101873	0.321839	0.678161	1.0	0.0
795430036	1000	101874	0.316888	0.683112	1.0	0.0
795430036	1000	101875	0.336	0.664	1.0	0.0
795430036	1000	101876	0.347305	0.652695	1.0	0.0
795430036	1000	101877	0.360324	0.639676	1.0	0.0
795430036	1000	101878	0.350394	0.649606	1.0	0.0
795430036	1000	101879	0.348	0.652	1.0	0.0
795430036	1000	101880	0.36692	0.63308	1.0	0.0
795430036	1000	101881	0.368098	0.631902	1.0	0.0
795430036	1000	101882	0.395349	0.604651	1.0	0.0
795430036	1000	101883	0.393638	0.606362	1.0	0.0
795430036	1000	101884	0.37721	0.62279	1.0	0.0
795430036	1000	101885	0.373717	0.626283	1.0	0.0
795430036	1000	101886	0.381148	0.618852	1.0	0.0
795430036	1000	101887	0.386588	0.613412	1.0	0.0
795430036	1000	101888	0.392786	0.607214	1.0	0.0
795430036	1000	101889	0.384289	0.615711	1.0	0.0
795430036	1000	101890	0.365714	0.634286	1.0	0.0
795430036	1000	101891	0.35503	0.64497	1.0	0.0
795430036	1000	101892	0.336714	0.663286	1.0	0.0
795430036	1000	101893	0.32	0.68	1.0	0.0
795430036	1000	101894	0.348269	0.651731	1.0	0.0
795430036	1000	101895	0.356415	0.643585	1.0	0.0
795430036	1000	101896	0.377282	0.622718	1.0	0.0
795430036	1000	101897	0.355509	0.644491	1.0	0.0
795430036	1000	101898	0.343685	0.656315	1.0	0.0
795430036	1000	101899	0.352227	0.647773	1.0	0.0
795430036	1000	101900	0.31992	0.68008	1.0	0.0
795430036	1000	101901	0.350622	0.649378	1.0	0.0
795430036	1000	101902	0.35225	0.64775	1.0	0.0
795430036	1000	101903	0.325397	0.674603	1.0	0.0
795430036	1000	101904	0.325536	0.674464	1.0	0.0
795430036	1000	101905	0.323711	0.676289	1.0	0.0
795430036	1000	101906	0.335404	0.664596	1.0	0.0
795430036	1000	101907	0.314775	0.685225	1.0	0.0
795430036	1000	101908	0.357564	0.642436	1.0	0.0
795430036	1000	101909	0.368526	0.631474	1.0	0.0
795430036	1000	101910	0.410256	0.589744	1.0	0.0
795430036	1000	101911	0.39839	0.60161	1.0	0.0
795430036	1000	101912	0.395062	0.604938	1.0	0.0
795430036	1000	101913	0.35259	0.64741	1.0	0.0
795430036	1000	101914	0.370221	0.629779	1.0	0.0
795430036	1000	101915	0.354772	0.645228	1.0	0.0
795430036	1000	101916	0.371094	0.628906	1.0	0.0
795430036	1000	101917	0.356713	0.643287	1.0	0.0
795430036	1000	101918	0.333333	0.666667	1.0	0.0
795430036	1000	101919	0.303093	0.696907	1.0	0.0
795430036	1000	101920	0.299603	0.700397	1.0	0.0
795430036	1000	101921	0.319018	0.680982	1.0	0.0
795430036	1000	101922	0.288382	0.711618	1.0	0.0
795430036	1000	101923	0.316733	0.683267	1.0	0.0
795430036	1000	101924	0.312377	0.687623	1.0	0.0
795430036	1000	101925	0.343137	0.656863	1.0	0.0
795430036	1000	101926	0.33908	0.66092	1.0	0.0
795430036	1000	101927	0.37911	0.62089	1.0	0.0
795430036	1000	101928	0.371951	0.628049	1.0	0.0
795430036	1000	101929	0.351852	0.648148	1.0	0.0
795430036	1000	101930	0.361224	0.638776	1.0	0.0
795430036	1000	101931	0.370079	0.629921	1.0	0.0
795430036	1000	101932	0.392638	0.607362	1.0	0.0
795430036	1000	101933	0.374502	0.625498	1.0	0.0
795430036	1000	101934	0.389691	0.610309	1.0	0.0
795430036	1000	101935	0.389961	0.610039	1.0	0.0
795430036	1000	101936	0.410208	0.589792	1.0	0.0
795430036	1000	101937	0.364162	0.635838	1.0	0.0
795430036	1000	101938	0.339662	0.660338	1.0	0.0
795430036	1000	101939	0.329365	0.670635	1.0	0.0
795430036	1000	101940	0.347826	0.652174	1.0	0.0
795430036	1000	101941	0.342052	0.657948	1.0	0.0
795430036	1000	101942	0.319756	0.680244	1.0	0.0
795430036	1000	101943	0.339583	0.660417	1.0	0.0
795430036	1000	101944	0.309572	0.690428	1.0	0.0
795430036	1000	101945	0.307843	0.692157	1.0	0.0
795430036	1000	101946	0.304598	0.695402	1.0	0.0
795430036	1000	101947	0.324	0.676	1.0	0.0
795430036	1000	101948	0.369318	0.630682	1.0	0.0
795430036	1000	101949	0.339468	0.660532	1.0	0.0
795430036	1000	101950	0.384615	0.615385	1.0	0.0
795430036	1000	101951	0.390099	0.609901	1.0	0.0
795430036	1000	101952	0.421569	0.578431	1.0	0.0
795430036	1000	101953	0.383858	0.616142	1.0	0.0
795430036	1000	101954	0.388679	0.611321	1.0	0.0
795430036	1000	101955	0.381048	0.618952	1.0	0.0
795430036	1000	101956	0.395445	0.604555	1.0	0.0
795430036	1000	101957	0.382716	0.617284	1.0	0.0
795430036	1000	101958	0.405138	0.594862	1.0	0.0
795430036	1000	101959	0.41649	0.58351	1.0	0.0
795430036	1000	101960	0.431641	0.568359	1.0	0.0
795430036	1000	101961	0.439922	0.560078	1.0	0.0
795430036	1000	101962	0.418	0.582	1.0	0.0
795430036	1000	101963	0.430255	0.569745	1.0	0.0
795430036	1000	101964	0.454721	0.545279	1.0	0.0
795430036	1000	101965	0.421712	0.578288	1.0	0.0
795430036	1000	101966	0.394422	0.605578	1.0	0.0
795430036	1000	101967	0.393638	0.606362	1.0	0.0
795430036	1000	101968	0.418112	0.581888	1.0	0.0
795430036	1000	101969	0.454927	0.545073	1.0	0.0
795430036	1000	101970	0.458498	0.541502	1.0	0.0
795430036	1000	101971	0.449064	0.550936	1.0	0.0
795430036	1000	101972	0.471888	0.528112	1.0	0.0
795430036	1000	101973	0.492188	0.507812	1.0	0.0
795430036	1000	101974	0.542683	0.457317	1.0	0.0
795430036	1000	101975	0.509018	0.490982	1.0	0.0
795430036	1000	101976	0.492126	0.507874	1.0	0.0
795430036	1000	101977	0.448207	0.551793	1.0	0.0
795430036	1000	101978	0.478175	0.521825	1.0	0.0
795430036	1000	101979	0.454733	0.545267	1.0	0.0
795430036	1000	101980	0.45567	0.54433	1.0	0.0
795430036	1000	101981	0.468872	0.531128	1.0	0.0
795430036	1000	101982	0.520492	0.479508	1.0	0.0
795430036	1000	101983	0.503006	0.496994	1.0	0.0
795430036	1000	101984	0.5	0.5	1.0	0.0
795430036	1000	101985	0.518828	0.481172	1.0	0.0
795430036	1000	101986	0.469933	0.530067	1.0	0.0
795430036	1000	101987	0.454361	0.545639	1.0	0.0
795430036	1000	101988	0.48954	0.51046	1.0	0.0
795430036	1000	101989	0.502947	0.497053	1.0	0.0
795430036	1000	101990	0.488189	0.511811	1.0	0.0
795430036	1000	101991	0.528455	0.471545	1.0	0.0
795430036	1000	101992	0.552521	0.447479	1.0	0.0
795430036	1000	101993	0.587045	0.412955	1.0	0.0
795430036	1000	101994	0.628866	0.371134	1.0	0.0
795430036	1000	101995	0.620833	0.379167	1.0	0.0
795430036	1000	101996	0.604288	0.395712	1.0	0.0
795430036	1000	101997	0.671458	0.328542	1.0	0.0
795430036	1000	101998	0.668639	0.331361	1.0	0.0
795430036	1000	101999	0.674797	0.325203	1.0	0.0
795430036	1000	102000	0.707843	0.292157	1.0	0.0
