ID	Td	gen	p1m_in_p3	p2m_in_p3	p1f_in_p3	p2f_in_p3
895070533	300	100300	0.269076	0.730924	0.791165	0.208835
895070533	300	100301	0.25969	0.74031	0.801653	0.198347
895070533	300	100302	0.258947	0.741053	0.786667	0.213333
895070533	300	100303	0.270751	0.729249	0.811741	0.188259
895070533	300	100304	0.309942	0.690058	0.821355	0.178645
895070533	300	100305	0.299389	0.700611	0.807466	0.192534
895070533	300	100306	0.312883	0.687117	0.767123	0.232877
895070533	300	100307	0.293307	0.706693	0.735772	0.264228
895070533	300	100308	0.342105	0.657895	0.733202	0.266798
895070533	300	100309	0.368209	0.631791	0.747515	0.252485
895070533	300	100310	0.38189	0.61811	0.756098	0.243902
895070533	300	100311	0.386179	0.613821	0.722441	0.277559
895070533	300	100312	0.381818	0.618182	0.724752	0.275248
895070533	300	100313	0.394286	0.605714	0.749474	0.250526
895070533	300	100314	0.449905	0.550095	0.717622	0.282378
895070533	300	100315	0.453061	0.546939	0.737255	0.262745
895070533	300	100316	0.460159	0.539841	0.75502	0.24498
895070533	300	100317	0.466667	0.533333	0.763462	0.236538
895070533	300	100318	0.482353	0.517647	0.757143	0.242857
895070533	300	100319	0.454728	0.545272	0.715706	0.284294
895070533	300	100320	0.472917	0.527083	0.671154	0.328846
895070533	300	100321	0.450593	0.549407	0.649798	0.350202
895070533	300	100322	0.470238	0.529762	0.639113	0.360887
895070533	300	100323	0.443564	0.556436	0.642424	0.357576
895070533	300	100324	0.449704	0.550296	0.675456	0.324544
895070533	300	100325	0.439024	0.560976	0.653543	0.346457
895070533	300	100326	0.446809	0.553191	0.662264	0.337736
895070533	300	100327	0.430799	0.569201	0.675565	0.324435
895070533	300	100328	0.398305	0.601695	0.710227	0.289773
895070533	300	100329	0.392086	0.607914	0.711712	0.288288
895070533	300	100330	0.352113	0.647887	0.691849	0.308151
895070533	300	100331	0.361446	0.638554	0.641434	0.358566
895070533	300	100332	0.420833	0.579167	0.590385	0.409615
895070533	300	100333	0.414163	0.585837	0.582397	0.417603
895070533	300	100334	0.393375	0.606625	0.584139	0.415861
895070533	300	100335	0.377907	0.622093	0.603306	0.396694
895070533	300	100336	0.360236	0.639764	0.617886	0.382114
895070533	300	100337	0.352601	0.647399	0.62578	0.37422
895070533	300	100338	0.362745	0.637255	0.671429	0.328571
895070533	300	100339	0.316239	0.683761	0.663534	0.336466
895070533	300	100340	0.291913	0.708087	0.614604	0.385396
895070533	300	100341	0.296593	0.703407	0.612774	0.387226
895070533	300	100342	0.291667	0.708333	0.677966	0.322034
895070533	300	100343	0.295688	0.704312	0.668616	0.331384
895070533	300	100344	0.343284	0.656716	0.655172	0.344828
895070533	300	100345	0.35568	0.64432	0.678186	0.321814
895070533	300	100346	0.36381	0.63619	0.671579	0.328421
895070533	300	100347	0.372047	0.627953	0.676829	0.323171
895070533	300	100348	0.370518	0.629482	0.670683	0.329317
895070533	300	100349	0.352475	0.647525	0.654545	0.345455
895070533	300	100350	0.319588	0.680412	0.695146	0.304854
895070533	300	100351	0.376016	0.623984	0.659449	0.340551
895070533	300	100352	0.355422	0.644578	0.681275	0.318725
895070533	300	100353	0.35743	0.64257	0.643426	0.356574
895070533	300	100354	0.373391	0.626609	0.61236	0.38764
895070533	300	100355	0.37037	0.62963	0.640657	0.359343
895070533	300	100356	0.378698	0.621302	0.655172	0.344828
895070533	300	100357	0.37182	0.62818	0.676892	0.323108
895070533	300	100358	0.335306	0.664694	0.687627	0.312373
895070533	300	100359	0.335391	0.664609	0.661479	0.338521
895070533	300	100360	0.339056	0.660944	0.629213	0.370787
895070533	300	100361	0.348606	0.651394	0.624498	0.375502
895070533	300	100362	0.323829	0.676171	0.612967	0.387033
895070533	300	100363	0.301181	0.698819	0.603659	0.396341
895070533	300	100364	0.302326	0.697674	0.599174	0.400826
895070533	300	100365	0.285992	0.714008	0.582305	0.417695
895070533	300	100366	0.24558	0.75442	0.596741	0.403259
895070533	300	100367	0.210084	0.789916	0.604962	0.395038
895070533	300	100368	0.213573	0.786427	0.603206	0.396794
895070533	300	100369	0.232848	0.767152	0.583815	0.416185
895070533	300	100370	0.246964	0.753036	0.56917	0.43083
895070533	300	100371	0.260956	0.739044	0.53012	0.46988
895070533	300	100372	0.27673	0.72327	0.543021	0.456979
895070533	300	100373	0.280464	0.719536	0.540373	0.459627
895070533	300	100374	0.277992	0.722008	0.543568	0.456432
895070533	300	100375	0.284615	0.715385	0.510417	0.489583
895070533	300	100376	0.265226	0.734774	0.474542	0.525458
895070533	300	100377	0.283702	0.716298	0.473161	0.526839
895070533	300	100378	0.299424	0.700576	0.463466	0.536534
895070533	300	100379	0.304175	0.695825	0.486922	0.513078
895070533	300	100380	0.314	0.686	0.528	0.472
895070533	300	100381	0.327485	0.672515	0.521561	0.478439
895070533	300	100382	0.288889	0.711111	0.550495	0.449505
895070533	300	100383	0.279762	0.720238	0.532258	0.467742
895070533	300	100384	0.247423	0.752577	0.541748	0.458252
895070533	300	100385	0.215116	0.784884	0.590909	0.409091
895070533	300	100386	0.223577	0.776423	0.574803	0.425197
895070533	300	100387	0.223092	0.776908	0.566462	0.433538
895070533	300	100388	0.214137	0.785863	0.566474	0.433526
895070533	300	100389	0.222222	0.777778	0.571429	0.428571
895070533	300	100390	0.257545	0.742455	0.54672	0.45328
895070533	300	100391	0.266402	0.733598	0.535211	0.464789
895070533	300	100392	0.260784	0.739216	0.534694	0.465306
895070533	300	100393	0.255061	0.744939	0.575099	0.424901
895070533	300	100394	0.248544	0.751456	0.589691	0.410309
895070533	300	100395	0.228283	0.771717	0.60396	0.39604
895070533	300	100396	0.217304	0.782696	0.574553	0.425447
895070533	300	100397	0.226891	0.773109	0.55916	0.44084
895070533	300	100398	0.253608	0.746392	0.557282	0.442718
895070533	300	100399	0.234496	0.765504	0.545455	0.454545
895070533	300	100400	0.220703	0.779297	0.55123	0.44877
895070533	300	100401	0.19305	0.80695	0.570539	0.429461
895070533	300	100402	0.236443	0.763557	0.586271	0.413729
895070533	300	100403	0.255533	0.744467	0.612326	0.387674
895070533	300	100404	0.267635	0.732365	0.611969	0.388031
895070533	300	100405	0.264344	0.735656	0.607422	0.392578
895070533	300	100406	0.270217	0.729783	0.606491	0.393509
895070533	300	100407	0.28125	0.71875	0.604508	0.395492
895070533	300	100408	0.278978	0.721022	0.604888	0.395112
895070533	300	100409	0.296935	0.703065	0.631799	0.368201
895070533	300	100410	0.323944	0.676056	0.624254	0.375746
895070533	300	100411	0.349206	0.650794	0.606855	0.393145
895070533	300	100412	0.341772	0.658228	0.619772	0.380228
895070533	300	100413	0.34585	0.65415	0.605263	0.394737
895070533	300	100414	0.39165	0.60835	0.647887	0.352113
895070533	300	100415	0.389899	0.610101	0.633663	0.366337
895070533	300	100416	0.430862	0.569138	0.652695	0.347305
895070533	300	100417	0.416834	0.583166	0.612774	0.387226
895070533	300	100418	0.448819	0.551181	0.626016	0.373984
895070533	300	100419	0.409804	0.590196	0.634694	0.365306
895070533	300	100420	0.418288	0.581712	0.63786	0.36214
895070533	300	100421	0.434	0.566	0.626	0.374
895070533	300	100422	0.416503	0.583497	0.602851	0.397149
895070533	300	100423	0.406308	0.593692	0.603037	0.396963
895070533	300	100424	0.437238	0.562762	0.576628	0.423372
895070533	300	100425	0.469083	0.530917	0.561205	0.438795
895070533	300	100426	0.469548	0.530452	0.558045	0.441955
895070533	300	100427	0.481188	0.518812	0.589899	0.410101
895070533	300	100428	0.465116	0.534884	0.603306	0.396694
895070533	300	100429	0.498938	0.501062	0.599244	0.400756
895070533	300	100430	0.486328	0.513672	0.610656	0.389344
895070533	300	100431	0.480695	0.519305	0.639004	0.360996
895070533	300	100432	0.512048	0.487952	0.653386	0.346614
895070533	300	100433	0.514056	0.485944	0.64741	0.35259
895070533	300	100434	0.492218	0.507782	0.648148	0.351852
895070533	300	100435	0.491701	0.508299	0.635135	0.364865
895070533	300	100436	0.464968	0.535032	0.676749	0.323251
895070533	300	100437	0.443595	0.556405	0.702306	0.297694
895070533	300	100438	0.47619	0.52381	0.709677	0.290323
895070533	300	100439	0.490644	0.509356	0.709056	0.290944
895070533	300	100440	0.486922	0.513078	0.703777	0.296223
895070533	300	100441	0.488844	0.511156	0.65286	0.34714
895070533	300	100442	0.459302	0.540698	0.661157	0.338843
895070533	300	100443	0.454175	0.545825	0.671906	0.328094
895070533	300	100444	0.485772	0.514228	0.663386	0.336614
895070533	300	100445	0.445135	0.554865	0.605416	0.394584
895070533	300	100446	0.479769	0.520231	0.611227	0.388773
895070533	300	100447	0.469474	0.530526	0.626667	0.373333
895070533	300	100448	0.479087	0.520913	0.624473	0.375527
895070533	300	100449	0.472574	0.527426	0.665399	0.334601
895070533	300	100450	0.440574	0.559426	0.646484	0.353516
895070533	300	100451	0.446215	0.553785	0.646586	0.353414
895070533	300	100452	0.460581	0.539419	0.644788	0.355212
895070533	300	100453	0.47451	0.52549	0.679592	0.320408
895070533	300	100454	0.498956	0.501044	0.683301	0.316699
895070533	300	100455	0.480695	0.519305	0.670124	0.329876
895070533	300	100456	0.47412	0.52588	0.686654	0.313346
895070533	300	100457	0.487129	0.512871	0.694949	0.305051
895070533	300	100458	0.455852	0.544148	0.684211	0.315789
895070533	300	100459	0.441288	0.558712	0.667373	0.332627
895070533	300	100460	0.428571	0.571429	0.652087	0.347913
895070533	300	100461	0.473896	0.526104	0.643426	0.356574
895070533	300	100462	0.462451	0.537549	0.661943	0.338057
895070533	300	100463	0.443089	0.556911	0.675197	0.324803
895070533	300	100464	0.442688	0.557312	0.680162	0.319838
895070533	300	100465	0.412574	0.587426	0.668024	0.331976
895070533	300	100466	0.404896	0.595104	0.697228	0.302772
895070533	300	100467	0.419831	0.580169	0.686312	0.313688
895070533	300	100468	0.443775	0.556225	0.693227	0.306773
895070533	300	100469	0.436364	0.563636	0.710891	0.289109
895070533	300	100470	0.399168	0.600832	0.691715	0.308285
895070533	300	100471	0.400394	0.599606	0.685598	0.314402
895070533	300	100472	0.38755	0.61245	0.689243	0.310757
895070533	300	100473	0.364948	0.635052	0.673786	0.326214
895070533	300	100474	0.379722	0.620278	0.684105	0.315895
895070533	300	100475	0.376321	0.623679	0.662239	0.337761
895070533	300	100476	0.355932	0.644068	0.660985	0.339015
895070533	300	100477	0.366197	0.633803	0.640159	0.359841
895070533	300	100478	0.350701	0.649299	0.626747	0.373253
895070533	300	100479	0.333333	0.666667	0.615842	0.384158
895070533	300	100480	0.345679	0.654321	0.624514	0.375486
895070533	300	100481	0.377871	0.622129	0.600768	0.399232
895070533	300	100482	0.356855	0.643145	0.613095	0.386905
895070533	300	100483	0.346232	0.653768	0.605108	0.394892
895070533	300	100484	0.330116	0.669884	0.580913	0.419087
895070533	300	100485	0.32998	0.67002	0.550696	0.449304
895070533	300	100486	0.320487	0.679513	0.552268	0.447732
895070533	300	100487	0.325581	0.674419	0.547521	0.452479
895070533	300	100488	0.339216	0.660784	0.542857	0.457143
895070533	300	100489	0.346311	0.653689	0.503906	0.496094
895070533	300	100490	0.346076	0.653924	0.481113	0.518887
895070533	300	100491	0.348515	0.651485	0.458586	0.541414
895070533	300	100492	0.367865	0.632135	0.442125	0.557875
895070533	300	100493	0.337423	0.662577	0.414873	0.585127
895070533	300	100494	0.332039	0.667961	0.420619	0.579381
895070533	300	100495	0.309717	0.690283	0.428854	0.571146
895070533	300	100496	0.346535	0.653465	0.393939	0.606061
895070533	300	100497	0.330724	0.669276	0.421268	0.578732
895070533	300	100498	0.344969	0.655031	0.434698	0.565302
895070533	300	100499	0.38833	0.61167	0.425447	0.574553
895070533	300	100500	0.382239	0.617761	0.446058	0.553942
895070533	300	100501	0.388462	0.611538	0.420833	0.579167
895070533	300	100502	0.371608	0.628392	0.420345	0.579655
895070533	300	100503	0.372951	0.627049	0.408203	0.591797
895070533	300	100504	0.378543	0.621457	0.452569	0.547431
895070533	300	100505	0.392	0.608	0.488	0.512
895070533	300	100506	0.394422	0.605578	0.495984	0.504016
895070533	300	100507	0.379722	0.620278	0.490946	0.509054
895070533	300	100508	0.391218	0.608782	0.486974	0.513026
895070533	300	100509	0.37577	0.62423	0.460039	0.539961
895070533	300	100510	0.416667	0.583333	0.457661	0.542339
895070533	300	100511	0.385263	0.614737	0.478095	0.521905
895070533	300	100512	0.382937	0.617063	0.469758	0.530242
895070533	300	100513	0.373777	0.626223	0.419223	0.580777
895070533	300	100514	0.362525	0.637475	0.436149	0.563851
895070533	300	100515	0.389432	0.610568	0.429448	0.570552
895070533	300	100516	0.392079	0.607921	0.424242	0.575758
895070533	300	100517	0.383065	0.616935	0.446429	0.553571
895070533	300	100518	0.38447	0.61553	0.423729	0.576271
895070533	300	100519	0.410506	0.589494	0.425926	0.574074
895070533	300	100520	0.403194	0.596806	0.426854	0.573146
895070533	300	100521	0.385827	0.614173	0.447154	0.552846
895070533	300	100522	0.381605	0.618395	0.460123	0.539877
895070533	300	100523	0.379242	0.620758	0.452906	0.547094
895070533	300	100524	0.404851	0.595149	0.463362	0.536638
895070533	300	100525	0.407843	0.592157	0.440816	0.559184
895070533	300	100526	0.403162	0.596838	0.408907	0.591093
895070533	300	100527	0.431818	0.568182	0.389535	0.610465
895070533	300	100528	0.420949	0.579051	0.348178	0.651822
895070533	300	100529	0.422311	0.577689	0.363454	0.636546
895070533	300	100530	0.431298	0.568702	0.346639	0.653361
895070533	300	100531	0.448819	0.551181	0.357724	0.642276
895070533	300	100532	0.403131	0.596869	0.370143	0.629857
895070533	300	100533	0.391213	0.608787	0.388889	0.611111
895070533	300	100534	0.392157	0.607843	0.4	0.6
895070533	300	100535	0.375502	0.624498	0.400398	0.599602
895070533	300	100536	0.366109	0.633891	0.383142	0.616858
895070533	300	100537	0.37747	0.62253	0.384615	0.615385
895070533	300	100538	0.335294	0.664706	0.391837	0.608163
895070533	300	100539	0.348884	0.651116	0.372781	0.627219
895070533	300	100540	0.296	0.704	0.356	0.644
895070533	300	100541	0.323887	0.676113	0.318182	0.681818
895070533	300	100542	0.322515	0.677485	0.315582	0.684418
895070533	300	100543	0.357873	0.642127	0.297456	0.702544
895070533	300	100544	0.367265	0.632735	0.320641	0.679359
895070533	300	100545	0.385417	0.614583	0.309615	0.690385
895070533	300	100546	0.416834	0.583166	0.319361	0.680639
895070533	300	100547	0.40873	0.59127	0.356855	0.643145
895070533	300	100548	0.421252	0.578748	0.340381	0.659619
895070533	300	100549	0.395876	0.604124	0.351456	0.648544
895070533	300	100550	0.407708	0.592292	0.317554	0.682446
895070533	300	100551	0.4	0.6	0.388235	0.611765
895070533	300	100552	0.4	0.6	0.389474	0.610526
895070533	300	100553	0.378431	0.621569	0.389796	0.610204
895070533	300	100554	0.373444	0.626556	0.415058	0.584942
895070533	300	100555	0.383475	0.616525	0.422348	0.577652
895070533	300	100556	0.376494	0.623506	0.459839	0.540161
895070533	300	100557	0.391221	0.608779	0.478992	0.521008
895070533	300	100558	0.360236	0.639764	0.520325	0.479675
895070533	300	100559	0.370741	0.629259	0.510978	0.489022
895070533	300	100560	0.375712	0.624288	0.53277	0.46723
895070533	300	100561	0.381339	0.618661	0.536489	0.463511
895070533	300	100562	0.400818	0.599182	0.51272	0.48728
895070533	300	100563	0.403226	0.596774	0.535714	0.464286
895070533	300	100564	0.4	0.6	0.543158	0.456842
895070533	300	100565	0.397638	0.602362	0.538618	0.461382
895070533	300	100566	0.40873	0.59127	0.5625	0.4375
895070533	300	100567	0.395161	0.604839	0.579365	0.420635
895070533	300	100568	0.417476	0.582524	0.581443	0.418557
895070533	300	100569	0.423387	0.576613	0.561508	0.438492
895070533	300	100570	0.391813	0.608187	0.544148	0.455852
895070533	300	100571	0.437372	0.562628	0.565302	0.434698
895070533	300	100572	0.427126	0.572874	0.612648	0.387352
895070533	300	100573	0.433404	0.566596	0.609108	0.390892
895070533	300	100574	0.446502	0.553498	0.605058	0.394942
895070533	300	100575	0.41483	0.58517	0.626747	0.373253
895070533	300	100576	0.391753	0.608247	0.619417	0.380583
895070533	300	100577	0.39834	0.60166	0.633205	0.366795
895070533	300	100578	0.385542	0.614458	0.681275	0.318725
895070533	300	100579	0.361616	0.638384	0.687129	0.312871
895070533	300	100580	0.374749	0.625251	0.680639	0.319361
895070533	300	100581	0.36965	0.63035	0.670782	0.329218
895070533	300	100582	0.380658	0.619342	0.649805	0.350195
895070533	300	100583	0.351456	0.648544	0.674227	0.325773
895070533	300	100584	0.341004	0.658996	0.706897	0.293103
895070533	300	100585	0.327485	0.672515	0.663244	0.336756
895070533	300	100586	0.318458	0.681542	0.666667	0.333333
895070533	300	100587	0.264113	0.735887	0.625	0.375
895070533	300	100588	0.250513	0.749487	0.649123	0.350877
895070533	300	100589	0.243952	0.756048	0.64881	0.35119
895070533	300	100590	0.230769	0.769231	0.709486	0.290514
895070533	300	100591	0.203187	0.796813	0.678715	0.321285
895070533	300	100592	0.201207	0.798793	0.683897	0.316103
895070533	300	100593	0.230038	0.769962	0.719409	0.280591
895070533	300	100594	0.242424	0.757576	0.722772	0.277228
895070533	300	100595	0.263158	0.736842	0.713439	0.286561
895070533	300	100596	0.283368	0.716632	0.723197	0.276803
895070533	300	100597	0.319471	0.680529	0.730361	0.269639
895070533	300	100598	0.339019	0.660981	0.736347	0.263653
895070533	300	100599	0.311871	0.688129	0.735586	0.264414
895070533	300	100600	0.338086	0.661914	0.756385	0.243615
895070533	300	100601	0.33543	0.66457	0.768642	0.231358
895070533	300	100602	0.334728	0.665272	0.770115	0.229885
895070533	300	100603	0.341463	0.658537	0.769685	0.230315
895070533	300	100604	0.342629	0.657371	0.751004	0.248996
895070533	300	100605	0.362919	0.637081	0.758621	0.241379
895070533	300	100606	0.356574	0.643426	0.73494	0.26506
895070533	300	100607	0.376471	0.623529	0.75102	0.24898
895070533	300	100608	0.372632	0.627368	0.761905	0.238095
895070533	300	100609	0.35497	0.64503	0.729783	0.270217
895070533	300	100610	0.333333	0.666667	0.706009	0.293991
895070533	300	100611	0.292829	0.707171	0.712851	0.287149
895070533	300	100612	0.271457	0.728543	0.747495	0.252505
895070533	300	100613	0.268041	0.731959	0.761165	0.238835
895070533	300	100614	0.258264	0.741736	0.784884	0.215116
895070533	300	100615	0.252852	0.747148	0.795359	0.204641
895070533	300	100616	0.274949	0.725051	0.795678	0.204322
895070533	300	100617	0.250505	0.749495	0.784158	0.215842
895070533	300	100618	0.241309	0.758691	0.790607	0.209393
895070533	300	100619	0.251546	0.748454	0.815534	0.184466
895070533	300	100620	0.267465	0.732535	0.799599	0.200401
895070533	300	100621	0.254545	0.745455	0.778218	0.221782
895070533	300	100622	0.246	0.754	0.78	0.22
895070533	300	100623	0.216797	0.783203	0.737705	0.262295
895070533	300	100624	0.240891	0.759109	0.717391	0.282609
895070533	300	100625	0.273834	0.726166	0.727811	0.272189
895070533	300	100626	0.274662	0.725338	0.716356	0.283644
895070533	300	100627	0.30888	0.69112	0.680498	0.319502
895070533	300	100628	0.31875	0.68125	0.692308	0.307692
895070533	300	100629	0.297552	0.702448	0.705757	0.294243
895070533	300	100630	0.268859	0.731141	0.706004	0.293996
895070533	300	100631	0.290196	0.709804	0.693878	0.306122
895070533	300	100632	0.302505	0.697495	0.700624	0.299376
895070533	300	100633	0.336842	0.663158	0.68381	0.31619
895070533	300	100634	0.328713	0.671287	0.666667	0.333333
895070533	300	100635	0.322772	0.677228	0.713131	0.286869
895070533	300	100636	0.323711	0.676289	0.732039	0.267961
895070533	300	100637	0.338174	0.661826	0.737452	0.262548
895070533	300	100638	0.323232	0.676768	0.714851	0.285149
895070533	300	100639	0.346311	0.653689	0.701172	0.298828
895070533	300	100640	0.354	0.646	0.712	0.288
895070533	300	100641	0.365949	0.634051	0.732106	0.267894
895070533	300	100642	0.366733	0.633267	0.712575	0.287425
895070533	300	100643	0.354582	0.645418	0.698795	0.301205
895070533	300	100644	0.343137	0.656863	0.712245	0.287755
895070533	300	100645	0.327485	0.672515	0.716632	0.283368
895070533	300	100646	0.315678	0.684322	0.702652	0.297348
895070533	300	100647	0.320236	0.679764	0.729124	0.270876
895070533	300	100648	0.304781	0.695219	0.726908	0.273092
895070533	300	100649	0.323293	0.676707	0.729084	0.270916
895070533	300	100650	0.345992	0.654008	0.726236	0.273764
895070533	300	100651	0.320166	0.679834	0.720617	0.279383
895070533	300	100652	0.322957	0.677043	0.709877	0.290123
895070533	300	100653	0.343882	0.656118	0.737643	0.262357
895070533	300	100654	0.366864	0.633136	0.74645	0.25355
895070533	300	100655	0.371951	0.628049	0.726378	0.273622
895070533	300	100656	0.339114	0.660886	0.719335	0.280665
895070533	300	100657	0.315789	0.684211	0.744762	0.255238
895070533	300	100658	0.331288	0.668712	0.767123	0.232877
895070533	300	100659	0.361616	0.638384	0.778218	0.221782
895070533	300	100660	0.346578	0.653422	0.747715	0.252285
895070533	300	100661	0.34413	0.65587	0.758893	0.241107
895070533	300	100662	0.335907	0.664093	0.73029	0.26971
895070533	300	100663	0.316206	0.683794	0.740891	0.259109
895070533	300	100664	0.295276	0.704724	0.72561	0.27439
895070533	300	100665	0.28629	0.71371	0.720238	0.279762
895070533	300	100666	0.312377	0.687623	0.716904	0.283096
895070533	300	100667	0.294979	0.705021	0.726054	0.273946
895070533	300	100668	0.310811	0.689189	0.755187	0.244813
895070533	300	100669	0.290631	0.709369	0.761006	0.238994
895070533	300	100670	0.315175	0.684825	0.736626	0.263374
895070533	300	100671	0.283433	0.716567	0.749499	0.250501
895070533	300	100672	0.283433	0.716567	0.755511	0.244489
895070533	300	100673	0.260692	0.739308	0.768173	0.231827
895070533	300	100674	0.251572	0.748428	0.782027	0.217973
895070533	300	100675	0.232604	0.767396	0.78672	0.21328
895070533	300	100676	0.23062	0.76938	0.766529	0.233471
895070533	300	100677	0.276471	0.723529	0.734694	0.265306
895070533	300	100678	0.312253	0.687747	0.732794	0.267206
895070533	300	100679	0.311111	0.688889	0.726733	0.273267
895070533	300	100680	0.315152	0.684848	0.714851	0.285149
895070533	300	100681	0.337349	0.662651	0.74502	0.25498
895070533	300	100682	0.312992	0.687008	0.756098	0.243902
895070533	300	100683	0.320236	0.679764	0.763747	0.236253
895070533	300	100684	0.320988	0.679012	0.745136	0.254864
895070533	300	100685	0.308316	0.691684	0.753452	0.246548
895070533	300	100686	0.295409	0.704591	0.693387	0.306613
895070533	300	100687	0.298211	0.701789	0.690141	0.309859
895070533	300	100688	0.292398	0.707602	0.687885	0.312115
895070533	300	100689	0.304527	0.695473	0.712062	0.287938
895070533	300	100690	0.264529	0.735471	0.714571	0.285429
895070533	300	100691	0.27451	0.72549	0.714286	0.285714
895070533	300	100692	0.275862	0.724138	0.753138	0.246862
895070533	300	100693	0.303213	0.696787	0.76494	0.23506
895070533	300	100694	0.300613	0.699387	0.751468	0.248532
895070533	300	100695	0.320248	0.679752	0.761628	0.238372
895070533	300	100696	0.353783	0.646217	0.767123	0.232877
895070533	300	100697	0.350598	0.649402	0.75502	0.24498
895070533	300	100698	0.358051	0.641949	0.785985	0.214015
895070533	300	100699	0.377282	0.622718	0.77712	0.22288
895070533	300	100700	0.385081	0.614919	0.755952	0.244048
895070533	300	100701	0.369732	0.630268	0.801255	0.198745
895070533	300	100702	0.358178	0.641822	0.810445	0.189555
895070533	300	100703	0.410042	0.589958	0.798851	0.201149
895070533	300	100704	0.394477	0.605523	0.801217	0.198783
895070533	300	100705	0.361829	0.638171	0.770624	0.229376
895070533	300	100706	0.385519	0.614481	0.777096	0.222904
895070533	300	100707	0.388211	0.611789	0.799213	0.200787
895070533	300	100708	0.377246	0.622754	0.805611	0.194389
895070533	300	100709	0.351852	0.648148	0.803502	0.196498
895070533	300	100710	0.325397	0.674603	0.818548	0.181452
895070533	300	100711	0.309942	0.690058	0.852156	0.147844
895070533	300	100712	0.292	0.708	0.832	0.168
895070533	300	100713	0.280079	0.719921	0.868154	0.131846
895070533	300	100714	0.303347	0.696653	0.856322	0.143678
895070533	300	100715	0.263158	0.736842	0.864476	0.135524
895070533	300	100716	0.286624	0.713376	0.846881	0.153119
895070533	300	100717	0.295688	0.704312	0.849903	0.150097
895070533	300	100718	0.284294	0.715706	0.851107	0.148893
895070533	300	100719	0.266402	0.733598	0.84507	0.15493
895070533	300	100720	0.256098	0.743902	0.854331	0.145669
895070533	300	100721	0.250535	0.749465	0.878049	0.121951
895070533	300	100722	0.262626	0.737374	0.871287	0.128713
895070533	300	100723	0.272727	0.727273	0.874031	0.125969
895070533	300	100724	0.27833	0.72167	0.891348	0.108652
895070533	300	100725	0.272549	0.727451	0.881633	0.118367
895070533	300	100726	0.284333	0.715667	0.873706	0.126294
895070533	300	100727	0.324952	0.675048	0.888199	0.111801
895070533	300	100728	0.321353	0.678647	0.895636	0.104364
895070533	300	100729	0.317739	0.682261	0.887064	0.112936
895070533	300	100730	0.301811	0.698189	0.890656	0.109344
895070533	300	100731	0.321277	0.678723	0.873585	0.126415
895070533	300	100732	0.354251	0.645749	0.87747	0.12253
895070533	300	100733	0.369835	0.630165	0.874031	0.125969
895070533	300	100734	0.364356	0.635644	0.868687	0.131313
895070533	300	100735	0.351626	0.648374	0.850394	0.149606
895070533	300	100736	0.345679	0.654321	0.850195	0.149805
895070533	300	100737	0.343874	0.656126	0.848178	0.151822
895070533	300	100738	0.338776	0.661224	0.85098	0.14902
895070533	300	100739	0.335306	0.664694	0.849899	0.150101
895070533	300	100740	0.363095	0.636905	0.881048	0.118952
895070533	300	100741	0.364198	0.635802	0.867704	0.132296
895070533	300	100742	0.389002	0.610998	0.848723	0.151277
895070533	300	100743	0.350195	0.649805	0.851852	0.148148
895070533	300	100744	0.375238	0.624762	0.852632	0.147368
895070533	300	100745	0.368421	0.631579	0.857143	0.142857
895070533	300	100746	0.387629	0.612371	0.893204	0.106796
895070533	300	100747	0.394892	0.605108	0.887984	0.112016
895070533	300	100748	0.385519	0.614481	0.885481	0.114519
895070533	300	100749	0.356688	0.643312	0.875236	0.124764
895070533	300	100750	0.328571	0.671429	0.868627	0.131373
895070533	300	100751	0.328032	0.671968	0.871227	0.128773
895070533	300	100752	0.350195	0.649805	0.866255	0.133745
895070533	300	100753	0.345603	0.654397	0.864971	0.135029
895070533	300	100754	0.363636	0.636364	0.862403	0.137597
895070533	300	100755	0.349901	0.650099	0.869215	0.130785
895070533	300	100756	0.382066	0.617934	0.862423	0.137577
895070533	300	100757	0.381048	0.618952	0.847222	0.152778
895070533	300	100758	0.391304	0.608696	0.840741	0.159259
895070533	300	100759	0.379958	0.620042	0.829175	0.170825
895070533	300	100760	0.350913	0.649087	0.838264	0.161736
895070533	300	100761	0.364662	0.635338	0.839744	0.160256
895070533	300	100762	0.403315	0.596685	0.842451	0.157549
895070533	300	100763	0.410853	0.589147	0.836777	0.163223
895070533	300	100764	0.421569	0.578431	0.844898	0.155102
895070533	300	100765	0.405138	0.594862	0.834008	0.165992
895070533	300	100766	0.371717	0.628283	0.825743	0.174257
895070533	300	100767	0.37931	0.62069	0.812623	0.187377
895070533	300	100768	0.386831	0.613169	0.822957	0.177043
895070533	300	100769	0.39759	0.60241	0.798805	0.201195
895070533	300	100770	0.373047	0.626953	0.805328	0.194672
895070533	300	100771	0.362745	0.637255	0.793878	0.206122
895070533	300	100772	0.337349	0.662651	0.760956	0.239044
895070533	300	100773	0.347023	0.652977	0.752437	0.247563
895070533	300	100774	0.372709	0.627291	0.770138	0.229862
895070533	300	100775	0.385081	0.614919	0.801587	0.198413
895070533	300	100776	0.367113	0.632887	0.811321	0.188679
895070533	300	100777	0.330724	0.669276	0.805726	0.194274
895070533	300	100778	0.323171	0.676829	0.814961	0.185039
895070533	300	100779	0.329588	0.670412	0.824034	0.175966
895070533	300	100780	0.384134	0.615866	0.808061	0.191939
895070533	300	100781	0.364173	0.635827	0.813008	0.186992
895070533	300	100782	0.345351	0.654649	0.816068	0.183932
895070533	300	100783	0.36	0.64	0.822	0.178
895070533	300	100784	0.364	0.636	0.84	0.16
895070533	300	100785	0.315175	0.684825	0.823045	0.176955
895070533	300	100786	0.294355	0.705645	0.811508	0.188492
895070533	300	100787	0.293069	0.706931	0.806061	0.193939
895070533	300	100788	0.301031	0.698969	0.819417	0.180583
895070533	300	100789	0.283976	0.716024	0.812623	0.187377
895070533	300	100790	0.28629	0.71371	0.811508	0.188492
895070533	300	100791	0.286282	0.713718	0.822938	0.177062
895070533	300	100792	0.267068	0.732932	0.836653	0.163347
895070533	300	100793	0.301397	0.698603	0.831663	0.168337
895070533	300	100794	0.2749	0.7251	0.821285	0.178715
895070533	300	100795	0.284294	0.715706	0.806841	0.193159
895070533	300	100796	0.304348	0.695652	0.793522	0.206478
895070533	300	100797	0.309091	0.690909	0.827723	0.172277
895070533	300	100798	0.304435	0.695565	0.833333	0.166667
895070533	300	100799	0.334661	0.665339	0.795181	0.204819
895070533	300	100800	0.382046	0.617954	0.779271	0.220729
895070533	300	100801	0.397516	0.602484	0.758221	0.241779
895070533	300	100802	0.397566	0.602434	0.741617	0.258383
895070533	300	100803	0.421712	0.578288	0.731286	0.268714
895070533	300	100804	0.424063	0.575937	0.738337	0.261663
895070533	300	100805	0.442827	0.557173	0.720617	0.279383
895070533	300	100806	0.446215	0.553785	0.742972	0.257028
895070533	300	100807	0.485876	0.514124	0.733475	0.266525
895070533	300	100808	0.466038	0.533962	0.753191	0.246809
895070533	300	100809	0.486708	0.513292	0.74364	0.25636
895070533	300	100810	0.496063	0.503937	0.784553	0.215447
895070533	300	100811	0.490946	0.509054	0.803181	0.196819
895070533	300	100812	0.473904	0.526096	0.806142	0.193858
895070533	300	100813	0.48374	0.51626	0.824803	0.175197
895070533	300	100814	0.510721	0.489279	0.817248	0.182752
895070533	300	100815	0.509434	0.490566	0.820268	0.179732
895070533	300	100816	0.513347	0.486653	0.832359	0.167641
895070533	300	100817	0.490421	0.509579	0.799163	0.200837
895070533	300	100818	0.503984	0.496016	0.811245	0.188755
895070533	300	100819	0.511156	0.488844	0.802761	0.197239
895070533	300	100820	0.45279	0.54721	0.790262	0.209738
895070533	300	100821	0.433333	0.566667	0.794231	0.205769
895070533	300	100822	0.424812	0.575188	0.786325	0.213675
895070533	300	100823	0.425612	0.574388	0.778252	0.221748
895070533	300	100824	0.414201	0.585799	0.750507	0.249493
895070533	300	100825	0.435052	0.564948	0.747573	0.252427
895070533	300	100826	0.387164	0.612836	0.736944	0.263056
895070533	300	100827	0.389105	0.610895	0.718107	0.281893
895070533	300	100828	0.381423	0.618577	0.684211	0.315789
895070533	300	100829	0.373016	0.626984	0.681452	0.318548
895070533	300	100830	0.405088	0.594912	0.664622	0.335378
895070533	300	100831	0.438114	0.561886	0.682281	0.317719
895070533	300	100832	0.433962	0.566038	0.670213	0.329787
895070533	300	100833	0.418919	0.581081	0.6639	0.3361
895070533	300	100834	0.419103	0.580897	0.677618	0.322382
895070533	300	100835	0.433735	0.566265	0.683267	0.316733
895070533	300	100836	0.443532	0.556468	0.676413	0.323587
895070533	300	100837	0.462302	0.537698	0.631048	0.368952
895070533	300	100838	0.471954	0.528046	0.596273	0.403727
895070533	300	100839	0.442191	0.557809	0.621302	0.378698
895070533	300	100840	0.458414	0.541586	0.592133	0.407867
895070533	300	100841	0.46281	0.53719	0.614341	0.385659
895070533	300	100842	0.453686	0.546314	0.59448	0.40552
895070533	300	100843	0.423372	0.576628	0.612971	0.387029
895070533	300	100844	0.433925	0.566075	0.606491	0.393509
895070533	300	100845	0.422091	0.577909	0.584178	0.415822
895070533	300	100846	0.449898	0.550102	0.589041	0.410959
895070533	300	100847	0.416335	0.583665	0.604418	0.395582
895070533	300	100848	0.427368	0.572632	0.582857	0.417143
895070533	300	100849	0.417308	0.582692	0.589583	0.410417
895070533	300	100850	0.390099	0.609901	0.618182	0.381818
895070533	300	100851	0.407332	0.592668	0.652259	0.347741
895070533	300	100852	0.399168	0.600832	0.678227	0.321773
895070533	300	100853	0.38477	0.61523	0.688623	0.311377
895070533	300	100854	0.409962	0.590038	0.736402	0.263598
895070533	300	100855	0.418146	0.581854	0.756592	0.243408
895070533	300	100856	0.407708	0.592292	0.759369	0.240631
895070533	300	100857	0.372549	0.627451	0.763265	0.236735
895070533	300	100858	0.357143	0.642857	0.758065	0.241935
895070533	300	100859	0.377778	0.622222	0.746535	0.253465
895070533	300	100860	0.395582	0.604418	0.772908	0.227092
895070533	300	100861	0.406953	0.593047	0.794521	0.205479
895070533	300	100862	0.4	0.6	0.786139	0.213861
895070533	300	100863	0.426752	0.573248	0.765595	0.234405
895070533	300	100864	0.425856	0.574144	0.746835	0.253165
895070533	300	100865	0.44334	0.55666	0.768612	0.231388
895070533	300	100866	0.432203	0.567797	0.755682	0.244318
895070533	300	100867	0.450485	0.549515	0.750515	0.249485
895070533	300	100868	0.414313	0.585687	0.750533	0.249467
895070533	300	100869	0.442623	0.557377	0.771484	0.228516
895070533	300	100870	0.44186	0.55814	0.783058	0.216942
895070533	300	100871	0.445565	0.554435	0.781746	0.218254
895070533	300	100872	0.455823	0.544177	0.778884	0.221116
895070533	300	100873	0.453441	0.546559	0.752964	0.247036
895070533	300	100874	0.437628	0.562372	0.741683	0.258317
895070533	300	100875	0.435644	0.564356	0.741414	0.258586
895070533	300	100876	0.445759	0.554241	0.74645	0.25355
895070533	300	100877	0.449416	0.550584	0.759259	0.240741
895070533	300	100878	0.414938	0.585062	0.747104	0.252896
895070533	300	100879	0.389937	0.610063	0.732314	0.267686
895070533	300	100880	0.367589	0.632411	0.714575	0.285425
895070533	300	100881	0.402778	0.597222	0.737903	0.262097
895070533	300	100882	0.434	0.566	0.782	0.218
895070533	300	100883	0.417822	0.582178	0.814141	0.185859
895070533	300	100884	0.396887	0.603113	0.792181	0.207819
895070533	300	100885	0.377734	0.622266	0.804829	0.195171
895070533	300	100886	0.379722	0.620278	0.802817	0.197183
895070533	300	100887	0.380952	0.619048	0.777563	0.222437
895070533	300	100888	0.385519	0.614481	0.775051	0.224949
895070533	300	100889	0.386847	0.613153	0.753623	0.246377
895070533	300	100890	0.387226	0.612774	0.739479	0.260521
895070533	300	100891	0.363636	0.636364	0.732919	0.267081
895070533	300	100892	0.364356	0.635644	0.753535	0.246465
895070533	300	100893	0.371951	0.628049	0.726378	0.273622
895070533	300	100894	0.392562	0.607438	0.70155	0.29845
895070533	300	100895	0.393881	0.606119	0.725367	0.274633
895070533	300	100896	0.404669	0.595331	0.744856	0.255144
895070533	300	100897	0.368224	0.631776	0.76129	0.23871
895070533	300	100898	0.359922	0.640078	0.761317	0.238683
895070533	300	100899	0.360587	0.639413	0.764818	0.235182
895070533	300	100900	0.340611	0.659389	0.767528	0.232472
895070533	300	100901	0.317365	0.682635	0.773547	0.226453
895070533	300	100902	0.306483	0.693517	0.824847	0.175153
895070533	300	100903	0.323529	0.676471	0.804082	0.195918
895070533	300	100904	0.294479	0.705521	0.808219	0.191781
895070533	300	100905	0.289773	0.710227	0.822034	0.177966
895070533	300	100906	0.295858	0.704142	0.831643	0.168357
895070533	300	100907	0.303823	0.696177	0.813121	0.186879
895070533	300	100908	0.317518	0.682482	0.823009	0.176991
895070533	300	100909	0.298625	0.701375	0.847251	0.152749
895070533	300	100910	0.296375	0.703625	0.854991	0.145009
895070533	300	100911	0.307054	0.692946	0.84749	0.15251
895070533	300	100912	0.295019	0.704981	0.838912	0.161088
895070533	300	100913	0.280632	0.719368	0.840081	0.159919
895070533	300	100914	0.290323	0.709677	0.843254	0.156746
895070533	300	100915	0.274854	0.725146	0.827515	0.172485
895070533	300	100916	0.279773	0.720227	0.868365	0.131635
895070533	300	100917	0.301075	0.698925	0.865421	0.134579
895070533	300	100918	0.296218	0.703782	0.879771	0.120229
895070533	300	100919	0.311579	0.688421	0.853333	0.146667
895070533	300	100920	0.271511	0.728489	0.865828	0.134172
895070533	300	100921	0.258317	0.741683	0.858896	0.141104
895070533	300	100922	0.228346	0.771654	0.851626	0.148374
895070533	300	100923	0.211765	0.788235	0.857143	0.142857
895070533	300	100924	0.202756	0.797244	0.878049	0.121951
895070533	300	100925	0.180498	0.819502	0.882239	0.117761
895070533	300	100926	0.184825	0.815175	0.890947	0.109053
895070533	300	100927	0.209677	0.790323	0.863095	0.136905
895070533	300	100928	0.195789	0.804211	0.864762	0.135238
895070533	300	100929	0.197183	0.802817	0.860835	0.139165
895070533	300	100930	0.195652	0.804348	0.870445	0.129555
895070533	300	100931	0.216162	0.783838	0.865347	0.134653
895070533	300	100932	0.215534	0.784466	0.88866	0.11134
895070533	300	100933	0.195652	0.804348	0.88664	0.11336
895070533	300	100934	0.216606	0.783394	0.865471	0.134529
895070533	300	100935	0.194093	0.805907	0.874525	0.125475
895070533	300	100936	0.201905	0.798095	0.846316	0.153684
895070533	300	100937	0.210821	0.789179	0.842672	0.157328
895070533	300	100938	0.214286	0.785714	0.835294	0.164706
895070533	300	100939	0.209205	0.790795	0.829502	0.170498
895070533	300	100940	0.224762	0.775238	0.816842	0.183158
895070533	300	100941	0.242972	0.757028	0.830677	0.169323
895070533	300	100942	0.222011	0.777989	0.849894	0.150106
895070533	300	100943	0.216535	0.783465	0.843496	0.156504
895070533	300	100944	0.210953	0.789047	0.81854	0.18146
895070533	300	100945	0.217054	0.782946	0.811983	0.188017
895070533	300	100946	0.206897	0.793103	0.77712	0.22288
895070533	300	100947	0.227823	0.772177	0.763889	0.236111
895070533	300	100948	0.271084	0.728916	0.776892	0.223108
895070533	300	100949	0.278455	0.721545	0.797244	0.202756
895070533	300	100950	0.237425	0.762575	0.775348	0.224652
895070533	300	100951	0.213573	0.786427	0.769539	0.230461
895070533	300	100952	0.213693	0.786307	0.735521	0.264479
895070533	300	100953	0.23327	0.76673	0.731656	0.268344
895070533	300	100954	0.272912	0.727088	0.750491	0.249509
895070533	300	100955	0.260163	0.739837	0.767717	0.232283
895070533	300	100956	0.20122	0.79878	0.757874	0.242126
895070533	300	100957	0.211946	0.788054	0.742204	0.257796
895070533	300	100958	0.215164	0.784836	0.744141	0.255859
895070533	300	100959	0.211499	0.788501	0.748538	0.251462
895070533	300	100960	0.221116	0.778884	0.708835	0.291165
895070533	300	100961	0.219917	0.780083	0.687259	0.312741
895070533	300	100962	0.193018	0.806982	0.688109	0.311891
895070533	300	100963	0.198444	0.801556	0.701646	0.298354
895070533	300	100964	0.200795	0.799205	0.708249	0.291751
895070533	300	100965	0.177686	0.822314	0.715116	0.284884
895070533	300	100966	0.172	0.828	0.718	0.282
895070533	300	100967	0.173913	0.826087	0.675159	0.324841
895070533	300	100968	0.191321	0.808679	0.643002	0.356998
895070533	300	100969	0.198058	0.801942	0.65567	0.34433
895070533	300	100970	0.186408	0.813592	0.647423	0.352577
895070533	300	100971	0.21063	0.78937	0.638211	0.361789
895070533	300	100972	0.191446	0.808554	0.638507	0.361493
895070533	300	100973	0.196787	0.803213	0.669323	0.330677
895070533	300	100974	0.205078	0.794922	0.668033	0.331967
895070533	300	100975	0.193548	0.806452	0.672619	0.327381
895070533	300	100976	0.188492	0.811508	0.633065	0.366935
895070533	300	100977	0.187251	0.812749	0.586345	0.413655
895070533	300	100978	0.199161	0.800839	0.619503	0.380497
895070533	300	100979	0.178926	0.821074	0.633803	0.366197
895070533	300	100980	0.205703	0.794297	0.632613	0.367387
895070533	300	100981	0.185547	0.814453	0.637295	0.362705
895070533	300	100982	0.208081	0.791919	0.631683	0.368317
895070533	300	100983	0.207547	0.792453	0.638623	0.361377
895070533	300	100984	0.2158	0.7842	0.638254	0.361746
895070533	300	100985	0.211462	0.788538	0.676113	0.323887
895070533	300	100986	0.227364	0.772636	0.671968	0.328032
895070533	300	100987	0.227273	0.772727	0.688259	0.311741
895070533	300	100988	0.225532	0.774468	0.673585	0.326415
895070533	300	100989	0.201258	0.798742	0.676864	0.323136
895070533	300	100990	0.185111	0.814889	0.666004	0.333996
895070533	300	100991	0.170172	0.829828	0.698113	0.301887
895070533	300	100992	0.180556	0.819444	0.701613	0.298387
895070533	300	100993	0.201581	0.798419	0.688259	0.311741
895070533	300	100994	0.228516	0.771484	0.702869	0.297131
895070533	300	100995	0.219368	0.780632	0.684211	0.315789
895070533	300	100996	0.174797	0.825203	0.653543	0.346457
895070533	300	100997	0.183432	0.816568	0.689655	0.310345
895070533	300	100998	0.16568	0.83432	0.677485	0.322515
895070533	300	100999	0.164609	0.835391	0.70428	0.29572
895070533	300	101000	0.151923	0.848077	0.702083	0.297917
895070533	300	101001	0.167331	0.832669	0.710843	0.289157
895070533	300	101002	0.162218	0.837782	0.727096	0.272904
895070533	300	101003	0.171079	0.828921	0.742633	0.257367
895070533	300	101004	0.151139	0.848861	0.711799	0.288201
895070533	300	101005	0.13215	0.86785	0.718053	0.281947
895070533	300	101006	0.134809	0.865191	0.685885	0.314115
895070533	300	101007	0.133981	0.866019	0.676289	0.323711
895070533	300	101008	0.139059	0.860941	0.700587	0.299413
895070533	300	101009	0.118	0.882	0.654	0.346
895070533	300	101010	0.11329	0.88671	0.656192	0.343808
895070533	300	101011	0.11359	0.88641	0.672584	0.327416
895070533	300	101012	0.113095	0.886905	0.665323	0.334677
895070533	300	101013	0.104628	0.895372	0.66004	0.33996
895070533	300	101014	0.109344	0.890656	0.627767	0.372233
895070533	300	101015	0.0892857	0.910714	0.633065	0.366935
895070533	300	101016	0.0640301	0.93597	0.614072	0.385928
895070533	300	101017	0.042	0.958	0.628	0.372
895070533	300	101018	0.0409836	0.959016	0.617188	0.382812
895070533	300	101019	0.0516529	0.948347	0.635659	0.364341
895070533	300	101020	0.0364372	0.963563	0.63834	0.36166
895070533	300	101021	0.0304878	0.969512	0.620079	0.379921
895070533	300	101022	0.0409836	0.959016	0.613281	0.386719
895070533	300	101023	0.026694	0.973306	0.594542	0.405458
895070533	300	101024	0.0227273	0.977273	0.59322	0.40678
895070533	300	101025	0.0202429	0.979757	0.606719	0.393281
895070533	300	101026	0.0247619	0.975238	0.6	0.4
895070533	300	101027	0.0248447	0.975155	0.609284	0.390716
895070533	300	101028	0.0266667	0.973333	0.608421	0.391579
895070533	300	101029	0.0247423	0.975258	0.615534	0.384466
895070533	300	101030	0.019685	0.980315	0.640244	0.359756
895070533	300	101031	0.026971	0.973029	0.627413	0.372587
895070533	300	101032	0.0214008	0.978599	0.652263	0.347737
895070533	300	101033	0.0157171	0.984283	0.655804	0.344196
895070533	300	101034	0.0173077	0.982692	0.685417	0.314583
895070533	300	101035	0.0162933	0.983707	0.666012	0.333988
895070533	300	101036	0.0197628	0.980237	0.635628	0.364372
895070533	300	101037	0.0202429	0.979757	0.644269	0.355731
895070533	300	101038	0.0257937	0.974206	0.625	0.375
895070533	300	101039	0.0212355	0.978764	0.651452	0.348548
895070533	300	101040	0.0249042	0.975096	0.66318	0.33682
895070533	300	101041	0.0259481	0.974052	0.659319	0.340681
895070533	300	101042	0.0410156	0.958984	0.653689	0.346311
895070533	300	101043	0.0357143	0.964286	0.65121	0.34879
895070533	300	101044	0.0599174	0.940083	0.676357	0.323643
895070533	300	101045	0.0570866	0.942913	0.656504	0.343496
895070533	300	101046	0.0669291	0.933071	0.632114	0.367886
895070533	300	101047	0.0828625	0.917137	0.671642	0.328358
895070533	300	101048	0.0546559	0.945344	0.632411	0.367589
895070533	300	101049	0.062249	0.937751	0.62749	0.37251
895070533	300	101050	0.0764588	0.923541	0.600398	0.399602
895070533	300	101051	0.0816733	0.918327	0.582329	0.417671
895070533	300	101052	0.0910931	0.908907	0.545455	0.454545
895070533	300	101053	0.0990291	0.900971	0.556701	0.443299
895070533	300	101054	0.0927835	0.907216	0.570874	0.429126
895070533	300	101055	0.0944123	0.905588	0.555094	0.444906
895070533	300	101056	0.102362	0.897638	0.556911	0.443089
895070533	300	101057	0.107692	0.892308	0.577083	0.422917
895070533	300	101058	0.0806142	0.919386	0.551148	0.448852
895070533	300	101059	0.0694444	0.930556	0.564516	0.435484
895070533	300	101060	0.0547667	0.945233	0.558185	0.441815
895070533	300	101061	0.0456432	0.954357	0.579151	0.420849
895070533	300	101062	0.0560166	0.943983	0.57529	0.42471
895070533	300	101063	0.049904	0.950096	0.586639	0.413361
895070533	300	101064	0.05	0.95	0.589583	0.410417
895070533	300	101065	0.0606654	0.939335	0.576687	0.423313
895070533	300	101066	0.0655106	0.934489	0.540541	0.459459
895070533	300	101067	0.0371901	0.96281	0.544574	0.455426
895070533	300	101068	0.0305499	0.96945	0.530452	0.469548
895070533	300	101069	0.0181087	0.981891	0.514911	0.485089
895070533	300	101070	0.0182186	0.981781	0.51581	0.48419
895070533	300	101071	0.022869	0.977131	0.487476	0.512524
895070533	300	101072	0.03125	0.96875	0.52459	0.47541
895070533	300	101073	0.0306513	0.969349	0.527197	0.472803
895070533	300	101074	0.027027	0.972973	0.531792	0.468208
895070533	300	101075	0.0318091	0.968191	0.533199	0.466801
895070533	300	101076	0.035503	0.964497	0.541582	0.458418
895070533	300	101077	0.0390947	0.960905	0.571984	0.428016
895070533	300	101078	0.0474227	0.952577	0.58835	0.41165
895070533	300	101079	0.0507812	0.949219	0.60041	0.39959
895070533	300	101080	0.0512821	0.948718	0.572008	0.427992
895070533	300	101081	0.0528302	0.94717	0.585106	0.414894
895070533	300	101082	0.0470588	0.952941	0.57551	0.42449
895070533	300	101083	0.0546559	0.945344	0.559289	0.440711
895070533	300	101084	0.0613027	0.938697	0.541841	0.458159
895070533	300	101085	0.0590631	0.940937	0.546169	0.453831
895070533	300	101086	0.06	0.94	0.568	0.432
895070533	300	101087	0.0737864	0.926214	0.573196	0.426804
895070533	300	101088	0.059761	0.940239	0.540161	0.459839
895070533	300	101089	0.0534653	0.946535	0.541414	0.458586
895070533	300	101090	0.0458167	0.954183	0.518072	0.481928
895070533	300	101091	0.038	0.962	0.538	0.462
895070533	300	101092	0.041841	0.958159	0.521073	0.478927
895070533	300	101093	0.0314961	0.968504	0.504065	0.495935
895070533	300	101094	0.0305344	0.969466	0.455882	0.544118
895070533	300	101095	0.0342052	0.965795	0.463221	0.536779
895070533	300	101096	0.0272537	0.972746	0.491396	0.508604
895070533	300	101097	0.033195	0.966805	0.490347	0.509653
895070533	300	101098	0.0349076	0.965092	0.489279	0.510721
895070533	300	101099	0.0286885	0.971311	0.460938	0.539062
895070533	300	101100	0.0146751	0.985325	0.435946	0.564054
895070533	300	101101	0.00581395	0.994186	0.427686	0.572314
895070533	300	101102	0.00214592	0.997854	0.404494	0.595506
895070533	300	101103	0.0020202	0.99798	0.39802	0.60198
895070533	300	101104	0.00197239	0.998028	0.395538	0.604462
895070533	300	101105	0.0	1.0	0.422846	0.577154
895070533	300	101106	0.0	1.0	0.421488	0.578512
895070533	300	101107	0.0	1.0	0.438931	0.561069
895070533	300	101108	0.0	1.0	0.397614	0.602386
895070533	300	101109	0.0	1.0	0.415822	0.584178
895070533	300	101110	0.0	1.0	0.434783	0.565217
895070533	300	101111	0.0	1.0	0.454724	0.545276
895070533	300	101112	0.0	1.0	0.491968	0.508032
895070533	300	101113	0.0	1.0	0.506173	0.493827
895070533	300	101114	0.0	1.0	0.495069	0.504931
895070533	300	101115	0.0	1.0	0.47479	0.52521
895070533	300	101116	0.0	1.0	0.466245	0.533755
895070533	300	101117	0.0	1.0	0.452675	0.547325
895070533	300	101118	0.0	1.0	0.439364	0.560636
895070533	300	101119	0.0	1.0	0.435052	0.564948
895070533	300	101120	0.0	1.0	0.406122	0.593878
895070533	300	101121	0.0	1.0	0.421589	0.578411
895070533	300	101122	0.0	1.0	0.412863	0.587137
895070533	300	101123	0.0	1.0	0.40239	0.59761
895070533	300	101124	0.0	1.0	0.330189	0.669811
895070533	300	101125	0.0	1.0	0.356164	0.643836
895070533	300	101126	0.0	1.0	0.376494	0.623506
895070533	300	101127	0.0	1.0	0.378698	0.621302
895070533	300	101128	0.0	1.0	0.367925	0.632075
895070533	300	101129	0.0	1.0	0.408081	0.591919
895070533	300	101130	0.0	1.0	0.409449	0.590551
895070533	300	101131	0.0	1.0	0.384921	0.615079
895070533	300	101132	0.0	1.0	0.410638	0.589362
895070533	300	101133	0.0	1.0	0.37594	0.62406
895070533	300	101134	0.0	1.0	0.345528	0.654472
895070533	300	101135	0.0	1.0	0.332673	0.667327
895070533	300	101136	0.0	1.0	0.357143	0.642857
895070533	300	101137	0.0	1.0	0.358491	0.641509
895070533	300	101138	0.0	1.0	0.37218	0.62782
895070533	300	101139	0.0	1.0	0.381679	0.618321
895070533	300	101140	0.0	1.0	0.411429	0.588571
895070533	300	101141	0.0	1.0	0.444444	0.555556
895070533	300	101142	0.0	1.0	0.394628	0.605372
895070533	300	101143	0.0	1.0	0.374749	0.625251
895070533	300	101144	0.0	1.0	0.391389	0.608611
895070533	300	101145	0.0	1.0	0.40275	0.59725
895070533	300	101146	0.0	1.0	0.390099	0.609901
895070533	300	101147	0.0	1.0	0.36714	0.63286
895070533	300	101148	0.0	1.0	0.386364	0.613636
895070533	300	101149	0.0	1.0	0.384146	0.615854
895070533	300	101150	0.0	1.0	0.370297	0.629703
895070533	300	101151	0.0	1.0	0.36157	0.63843
895070533	300	101152	0.0	1.0	0.347193	0.652807
895070533	300	101153	0.0	1.0	0.338614	0.661386
895070533	300	101154	0.0	1.0	0.321499	0.678501
895070533	300	101155	0.0	1.0	0.293522	0.706478
895070533	300	101156	0.0	1.0	0.274194	0.725806
895070533	300	101157	0.0	1.0	0.287402	0.712598
895070533	300	101158	0.0	1.0	0.296593	0.703407
895070533	300	101159	0.0	1.0	0.281184	0.718816
895070533	300	101160	0.0	1.0	0.255814	0.744186
895070533	300	101161	0.0	1.0	0.262729	0.737271
895070533	300	101162	0.0	1.0	0.238004	0.761996
895070533	300	101163	0.0	1.0	0.232794	0.767206
895070533	300	101164	0.0	1.0	0.230143	0.769857
895070533	300	101165	0.0	1.0	0.2147	0.7853
895070533	300	101166	0.0	1.0	0.231373	0.768627
895070533	300	101167	0.0	1.0	0.240234	0.759766
895070533	300	101168	0.0	1.0	0.236515	0.763485
895070533	300	101169	0.0	1.0	0.220273	0.779727
895070533	300	101170	0.0	1.0	0.210744	0.789256
895070533	300	101171	0.0	1.0	0.200401	0.799599
895070533	300	101172	0.0	1.0	0.217565	0.782435
895070533	300	101173	0.0	1.0	0.21135	0.78865
895070533	300	101174	0.0	1.0	0.19619	0.80381
895070533	300	101175	0.0	1.0	0.152805	0.847195
895070533	300	101176	0.0	1.0	0.142241	0.857759
895070533	300	101177	0.0	1.0	0.177551	0.822449
895070533	300	101178	0.0	1.0	0.215447	0.784553
895070533	300	101179	0.0	1.0	0.202405	0.797595
895070533	300	101180	0.0	1.0	0.201232	0.798768
895070533	300	101181	0.0	1.0	0.178715	0.821285
895070533	300	101182	0.0	1.0	0.189135	0.810865
895070533	300	101183	0.0	1.0	0.213508	0.786492
895070533	300	101184	0.0	1.0	0.23622	0.76378
895070533	300	101185	0.0	1.0	0.234	0.766
895070533	300	101186	0.0	1.0	0.262729	0.737271
895070533	300	101187	0.0	1.0	0.251012	0.748988
895070533	300	101188	0.0	1.0	0.235887	0.764113
895070533	300	101189	0.0	1.0	0.222008	0.777992
895070533	300	101190	0.0	1.0	0.247059	0.752941
895070533	300	101191	0.0	1.0	0.256809	0.743191
895070533	300	101192	0.0	1.0	0.227083	0.772917
895070533	300	101193	0.0	1.0	0.218115	0.781885
895070533	300	101194	0.0	1.0	0.22334	0.77666
895070533	300	101195	0.0	1.0	0.248134	0.751866
895070533	300	101196	0.0	1.0	0.225243	0.774757
895070533	300	101197	0.0	1.0	0.255144	0.744856
895070533	300	101198	0.0	1.0	0.227006	0.772994
895070533	300	101199	0.0	1.0	0.197628	0.802372
895070533	300	101200	0.0	1.0	0.191406	0.808594
895070533	300	101201	0.0	1.0	0.197239	0.802761
895070533	300	101202	0.0	1.0	0.172147	0.827853
895070533	300	101203	0.0	1.0	0.161616	0.838384
895070533	300	101204	0.0	1.0	0.149057	0.850943
895070533	300	101205	0.0	1.0	0.146091	0.853909
895070533	300	101206	0.0	1.0	0.138614	0.861386
895070533	300	101207	0.0	1.0	0.111765	0.888235
895070533	300	101208	0.0	1.0	0.129524	0.870476
895070533	300	101209	0.0	1.0	0.113821	0.886179
895070533	300	101210	0.0	1.0	0.12	0.88
895070533	300	101211	0.0	1.0	0.134576	0.865424
895070533	300	101212	0.0	1.0	0.125749	0.874251
895070533	300	101213	0.0	1.0	0.11976	0.88024
895070533	300	101214	0.0	1.0	0.130901	0.869099
895070533	300	101215	0.0	1.0	0.135458	0.864542
895070533	300	101216	0.0	1.0	0.124	0.876
895070533	300	101217	0.0	1.0	0.11	0.89
895070533	300	101218	0.0	1.0	0.135021	0.864979
895070533	300	101219	0.0	1.0	0.12	0.88
895070533	300	101220	0.0	1.0	0.113636	0.886364
895070533	300	101221	0.0	1.0	0.101053	0.898947
895070533	300	101222	0.0	1.0	0.0903614	0.909639
895070533	300	101223	0.0	1.0	0.108051	0.891949
895070533	300	101224	0.0	1.0	0.0981964	0.901804
895070533	300	101225	0.0	1.0	0.0950413	0.904959
895070533	300	101226	0.0	1.0	0.0815109	0.918489
895070533	300	101227	0.0	1.0	0.0936902	0.90631
895070533	300	101228	0.0	1.0	0.09375	0.90625
895070533	300	101229	0.0	1.0	0.114228	0.885772
895070533	300	101230	0.0	1.0	0.101594	0.898406
895070533	300	101231	0.0	1.0	0.120983	0.879017
895070533	300	101232	0.0	1.0	0.0967118	0.903288
895070533	300	101233	0.0	1.0	0.0952381	0.904762
895070533	300	101234	0.0	1.0	0.0854369	0.914563
895070533	300	101235	0.0	1.0	0.0907173	0.909283
895070533	300	101236	0.0	1.0	0.105906	0.894094
895070533	300	101237	0.0	1.0	0.0971963	0.902804
895070533	300	101238	0.0	1.0	0.109162	0.890838
895070533	300	101239	0.0	1.0	0.102669	0.897331
895070533	300	101240	0.0	1.0	0.112871	0.887129
895070533	300	101241	0.0	1.0	0.136273	0.863727
895070533	300	101242	0.0	1.0	0.140039	0.859961
895070533	300	101243	0.0	1.0	0.120755	0.879245
895070533	300	101244	0.0	1.0	0.139442	0.860558
895070533	300	101245	0.0	1.0	0.145194	0.854806
895070533	300	101246	0.0	1.0	0.14786	0.85214
895070533	300	101247	0.0	1.0	0.117988	0.882012
895070533	300	101248	0.0	1.0	0.0977131	0.902287
895070533	300	101249	0.0	1.0	0.0966469	0.903353
895070533	300	101250	0.0	1.0	0.101695	0.898305
895070533	300	101251	0.0	1.0	0.10119	0.89881
895070533	300	101252	0.0	1.0	0.10084	0.89916
895070533	300	101253	0.0	1.0	0.0985626	0.901437
895070533	300	101254	0.0	1.0	0.116	0.884
895070533	300	101255	0.0	1.0	0.121272	0.878728
895070533	300	101256	0.0	1.0	0.103093	0.896907
895070533	300	101257	0.0	1.0	0.0854369	0.914563
895070533	300	101258	0.0	1.0	0.0703934	0.929607
895070533	300	101259	0.0	1.0	0.0650407	0.934959
895070533	300	101260	0.0	1.0	0.0546559	0.945344
895070533	300	101261	0.0	1.0	0.0483559	0.951644
895070533	300	101262	0.0	1.0	0.0376106	0.962389
895070533	300	101263	0.0	1.0	0.0383142	0.961686
895070533	300	101264	0.0	1.0	0.0365385	0.963462
895070533	300	101265	0.0	1.0	0.0337302	0.96627
895070533	300	101266	0.0	1.0	0.0319361	0.968064
895070533	300	101267	0.0	1.0	0.0400763	0.959924
895070533	300	101268	0.0	1.0	0.0321285	0.967871
895070533	300	101269	0.0	1.0	0.0383795	0.96162
895070533	300	101270	0.0	1.0	0.0522088	0.947791
895070533	300	101271	0.0	1.0	0.0544355	0.945565
895070533	300	101272	0.0	1.0	0.0589474	0.941053
895070533	300	101273	0.0	1.0	0.0533881	0.946612
895070533	300	101274	0.0	1.0	0.05	0.95
895070533	300	101275	0.0	1.0	0.0581395	0.94186
895070533	300	101276	0.0	1.0	0.0679012	0.932099
895070533	300	101277	0.0	1.0	0.0701403	0.92986
895070533	300	101278	0.0	1.0	0.0811881	0.918812
895070533	300	101279	0.0	1.0	0.1	0.9
895070533	300	101280	0.0	1.0	0.104247	0.895753
895070533	300	101281	0.0	1.0	0.10387	0.89613
895070533	300	101282	0.0	1.0	0.129094	0.870906
895070533	300	101283	0.0	1.0	0.133721	0.866279
895070533	300	101284	0.0	1.0	0.133595	0.866405
895070533	300	101285	0.0	1.0	0.128599	0.871401
895070533	300	101286	0.0	1.0	0.123232	0.876768
895070533	300	101287	0.0	1.0	0.1167	0.8833
895070533	300	101288	0.0	1.0	0.126984	0.873016
895070533	300	101289	0.0	1.0	0.12249	0.87751
895070533	300	101290	0.0	1.0	0.14053	0.85947
895070533	300	101291	0.0	1.0	0.142857	0.857143
895070533	300	101292	0.0	1.0	0.143984	0.856016
895070533	300	101293	0.0	1.0	0.140562	0.859438
895070533	300	101294	0.0	1.0	0.147177	0.852823
895070533	300	101295	0.0	1.0	0.132411	0.867589
895070533	300	101296	0.0	1.0	0.11412	0.88588
895070533	300	101297	0.0	1.0	0.135185	0.864815
895070533	300	101298	0.0	1.0	0.162745	0.837255
895070533	300	101299	0.0	1.0	0.151631	0.848369
895070533	300	101300	0.0	1.0	0.151052	0.848948
